345.9813504	0.1845
349.5313942	-0.0155
575.5508485	-0.0385
153.0956382	-0.2465
285.6306061	0.1855
131.7953755	0.011
270.247083	-0.0185
192.1461198	0.02
572.0008047	0.025
318.7643481	0.0175
382.6651362	-0.021
219.3631221	0.016
756.6030814	-0.003
357.8148297	-0.259
657.2018555	-0.147
1000.372755	-0.041
527.0335834	-0.0465
904.5215724	-0.012
671.4020306	-0.05
1097.407285	0.099
912.8050079	-0.0475
904.5215724	0.044
448.9326202	0.2455
1208.64199	-0.072
1148.291246	-0.068
186.2293802	-0.0145
246.5801245	0.011
1380.227439	0.103
1247.692472	-0.0945
403.9653989	0.0875
509.2833645	0.178
1175.508248	-0.1305
632.351549	0.192
1286.742953	-0.2705
1323.426739	-0.0385
431.1824012	0.0885
472.5995787	0.0745
912.8050079	0.067
780.27004	-0.092
937.6553144	0.081
1145.92455	0.0745
692.7022933	0.0035
1124.624287	0.109
1528.14593	-0.0615
738.8528625	0.0465
951.8554896	-0.1825
1299.75978	0.1805
1266.626038	0.1905
1534.06267	0.142
1179.058292	0.2825
1031.139801	0.4265
961.322273	0.173
904.5215724	0.517
918.7217476	0.4645
873.7545263	0.536
945.9387499	0.4735
949.4887937	0.6595
883.2213097	0.886
943.5720541	0.9805
979.0724919	0.8975
949.4887937	1.1425
943.5720541	1.196
949.4887937	1.0595
951.8554896	1.346
958.9555771	1.3905
1009.839538	1.476
951.8554896	1.486
940.0220103	1.6915
979.0724919	1.732
940.0220103	1.8135
970.7890564	2.057
943.5720541	2.0505
976.705796	2.1285
898.6048328	2.2035
998.0060587	2.1565
986.1725795	2.351
988.5392753	2.4645
1021.673017	2.666
1019.306321	2.6555
1015.756278	2.913
979.0724919	2.55
1000.372755	2.9425
1006.289494	3.0325
992.0893191	3.229
940.0220103	3.229
979.0724919	3.3285
1039.423236	3.461
1031.139801	3.322
961.322273	3.6685
967.2390126	3.6045
1019.306321	3.7245
951.8554896	3.983
1006.289494	4.0965
1039.423236	4.257
988.5392753	4.127
1025.223061	4.318
1046.523324	4.2225
967.2390126	4.4455
1027.589757	4.458
967.2390126	4.6315
970.7890564	4.676
998.0060587	4.7335
1012.206234	4.9475
1015.756278	4.969
1033.506497	5.108
1009.839538	5.2455
970.7890564	5.416
940.0220103	5.2685
979.0724919	5.633
979.0724919	5.475
1015.756278	5.6265
1070.190282	5.6735
1019.306321	5.7335
961.322273	5.9485
994.456015	6.0865
976.705796	6.0865
973.1557523	6.1935
964.8723168	6.2305
928.188531	6.4555
964.8723168	6.42
925.8218351	6.5285
1054.806759	6.647
1021.673017	6.681
1025.223061	6.81
998.0060587	7.0035
1015.756278	7.0555
973.1557523	7.155
937.6553144	7.2135
949.4887937	7.188
958.9555771	7.4825
940.0220103	7.3985
964.8723168	7.8955
961.322273	7.7385
1027.589757	7.8135
937.6553144	7.876
945.9387499	8.1145
949.4887937	8.108
931.7385748	8.2865
979.0724919	8.391
961.322273	8.4305
940.0220103	8.439
918.7217476	8.6075
967.2390126	8.7245
970.7890564	8.535
945.9387499	8.833
912.8050079	9.09
979.0724919	8.9705
955.4055333	9.076
889.1380494	9.0445
949.4887937	9.299
928.188531	9.471
949.4887937	9.425
949.4887937	9.401
900.9715286	9.5745
986.1725795	9.713
925.8218351	9.8265
898.6048328	9.894
925.8218351	10.122
904.5215724	10.1375
879.6712659	10.2075
945.9387499	10.3845
949.4887937	10.298
958.9555771	10.4915
928.188531	10.5605
949.4887937	10.675
892.6880932	10.7655
892.6880932	10.8365
883.2213097	10.964
898.6048328	10.9885
951.8554896	11.419
916.3550517	11.243
898.6048328	11.3005
904.5215724	11.555
931.7385748	11.5335
949.4887937	11.6225
918.7217476	11.876
871.3878304	11.95
937.6553144	11.9475
916.3550517	11.9515
840.6207843	12.047
856.0043074	12.219
918.7217476	12.2815
922.2717914	12.378
898.6048328	12.5935
892.6880932	12.7145
945.9387499	12.647
928.188531	12.7245
898.6048328	12.9185
945.9387499	12.954
898.6048328	13.1975
858.3710032	13.0115
906.8882683	13.238
912.8050079	13.172
937.6553144	13.7755
834.7040447	13.544
906.8882683	13.559
943.5720541	13.7145
949.4887937	13.7525
877.3045701	13.922
889.1380494	13.8405
825.2372613	14.1805
949.4887937	14.159
912.8050079	14.2765
895.054789	14.442
940.0220103	14.661
949.4887937	14.429
931.7385748	14.6815
873.7545263	14.6915
912.8050079	14.7945
967.2390126	14.917
964.8723168	15.005
816.9538258	15.2675
925.8218351	15.373
900.9715286	15.1055
850.0875677	15.3755
846.537524	15.5525
856.0043074	15.307
877.3045701	15.3665
906.8882683	15.4815
885.5880056	15.6
928.188531	15.945
883.2213097	15.8485
951.8554896	16.009
937.6553144	16.089
816.9538258	16.243
961.322273	16.3525
910.4383121	16.6535
912.8050079	16.652
892.6880932	16.7375
951.8554896	16.7555
931.7385748	17.0075
918.7217476	16.95
900.9715286	17.085
904.5215724	17.168
937.6553144	17.256
928.188531	17.2675
912.8050079	17.5845
906.8882683	17.5755
904.5215724	17.6445
873.7545263	17.829
910.4383121	17.787
883.2213097	17.935
883.2213097	18.0965
904.5215724	18.302
910.4383121	18.452
877.3045701	18.4255
928.188531	18.446
945.9387499	18.535
945.9387499	18.5655
943.5720541	18.874
976.705796	18.7885
856.0043074	19.1375
912.8050079	19.265
940.0220103	19.1465
931.7385748	19.172
925.8218351	19.494
910.4383121	19.4345
955.4055333	19.5045
916.3550517	19.679
916.3550517	19.74
998.0060587	19.908
955.4055333	19.829
998.0060587	19.9655
892.6880932	19.9285
922.2717914	20.4025
945.9387499	20.1985
951.8554896	20.367
943.5720541	20.404
955.4055333	20.525
976.705796	20.582
961.322273	20.5425
988.5392753	21.0625
928.188531	20.9425
918.7217476	20.9515
1003.922798	21.0265
1009.839538	21.117
973.1557523	21.3275
943.5720541	21.66
1012.206234	21.4165
979.0724919	21.447
951.8554896	21.6855
958.9555771	21.725
1000.372755	21.9505
934.1052706	21.912
961.322273	22.0955
958.9555771	22.1605
1012.206234	22.0915
970.7890564	22.353
998.0060587	22.2485
922.2717914	22.181
1003.922798	22.633
1058.356803	22.688
945.9387499	22.7785
1027.589757	22.8765
1021.673017	22.939
998.0060587	23.228
1021.673017	23.144
912.8050079	23.144
1033.506497	23.465
1097.407285	23.437
1037.05654	23.54
1009.839538	23.586
973.1557523	23.8155
1015.756278	23.8635
994.456015	23.7975
1058.356803	24.3185
1070.190282	24.07
964.8723168	24.1465
1039.423236	24.317
1015.756278	24.3845
1039.423236	24.4665
1027.589757	24.3515
1025.223061	24.6955
1025.223061	24.9185
1046.523324	25
1037.05654	24.7275
1066.640239	25.0255
1042.97328	24.996
964.8723168	25.117
1066.640239	25.1835
1046.523324	25.451
1097.407285	25.4495
986.1725795	25.5415
1058.356803	25.702
1097.407285	25.828
1076.107022	25.827
973.1557523	25.9085
1006.289494	26.0585
1124.624287	26.037
1118.707547	26.2155
1058.356803	26.3555
1060.723499	26.4075
1025.223061	26.41
1109.240764	26.395
1154.207985	26.7745
1121.074243	26.646
1130.541027	26.7425
1118.707547	26.9285
1105.69072	27.2215
1109.240764	27.209
1130.541027	27.2865
1093.857241	27.371
1082.023762	27.5645
1097.407285	27.688
1124.624287	27.558
1136.457766	27.5655
1154.207985	27.781
1054.806759	27.939
1052.440063	27.828
1136.457766	28.0165
1214.55873	28.223
1136.457766	27.9975
1132.907723	28.3225
1218.108773	28.5145
1166.041465	28.5795
1157.758029	28.6295
1151.841289	28.767
1136.457766	28.72
1206.275294	28.777
1212.192034	29.163
1224.025513	28.8945
1121.074243	29.209
1173.141552	29.465
1200.358554	29.5825
1220.475469	29.604
1212.192034	29.5555
1179.058292	29.633
1200.358554	29.7095
1239.409036	29.6755
1136.457766	30.036
1214.55873	30.1315
1187.341727	30.163
1151.841289	30.278
1245.325776	30.264
1208.64199	30.367
1214.55873	30.642
1229.942253	30.549
1220.475469	30.642
1181.424988	30.6905
1251.242515	30.813
1206.275294	30.869
1299.75978	31.116
1284.376257	31.121
1305.67652	31.1315
1266.626038	31.367
1239.409036	31.3925
1344.727002	31.5035
1280.826214	31.6205
1239.409036	31.5605
1257.159255	31.837
1257.159255	31.712
1308.043216	32.041
1278.459518	31.9225
1299.75978	32.1135
1344.727002	32.2295
1354.193785	32.325
1313.959956	32.53
1371.944004	32.465
1374.3107	32.656
1268.992734	32.5415
1344.727002	32.8715
1377.860744	32.9275
1413.361181	32.9965
1335.260218	32.9975
1356.560481	33.0535
1486.728753	33.2485
1480.812013	33.386
1341.176958	33.5095
1360.110525	33.539
1455.961707	33.395
1500.928928	33.749
1416.911225	33.832
1389.694223	33.845
1438.211488	34.0995
1420.461269	34.0755
1525.779235	34.116
1401.527702	34.237
1413.361181	34.208
1344.727002	34.474
1383.777483	34.501
1401.527702	34.563
1498.562232	34.66
1374.3107	34.8255
1471.34523	34.8395
1495.012188	34.901
1387.327527	35.0475
1360.110525	35.1915
1428.744705	35.241
1471.34523	35.358
1498.562232	35.3135
1534.06267	35.6015
1467.795186	35.5635
1549.446193	35.7085
1510.395712	35.604
1531.695974	35.804
1480.812013	35.9175
1541.162758	36.018
1541.162758	36.2345
1561.279672	36.1325
1576.663196	36.362
1558.912977	36.287
1597.963458	36.5265
1558.912977	36.594
1619.263721	36.7045
1673.697726	36.7315
1625.180461	36.7915
1613.346981	36.975
1567.196412	36.9685
1541.162758	37.023
1534.06267	37.324
1586.129979	37.293
1588.496675	37.361
1667.780986	37.4205
1654.764159	37.5835
1547.079497	37.529
1637.01394	37.678
1169.591508	37.706
2.810451329	37.925
20.56067025	37.8155
2.810451329	38.0155
-0.739592455	37.985
28.84410574	37.976
2.810451329	38.347
-4.289636239	38.3965
17.01062646	38.5545
11.09388682	38.5185
14.64393061	38.9085
11.09388682	38.609
-0.739592455	38.7315
11.09388682	38.738
-0.739592455	38.7695
2.810451329	38.795
-0.739592455	38.84
11.09388682	38.869
41.86093295	38.7785
2.810451329	38.8985
5.177147185	38.7415
11.09388682	39.3365
2.810451329	38.953
20.56067025	38.9785
26.47740989	38.924
20.56067025	39.0005
5.177147185	38.995
26.47740989	38.8905
26.47740989	38.8935
-4.289636239	38.902
22.9273661	39.032
17.01062646	39.0065
-6.656332095	39.046
20.56067025	38.8575
17.01062646	39.3125
-6.656332095	39.0615
17.01062646	39.0755
-0.739592455	39.064
11.09388682	39.3085
-4.289636239	39.055
-4.289636239	39.101
2.810451329	39.064
2.810451329	38.9975
-0.739592455	39.2005
20.56067025	39.133
17.01062646	39.054
28.84410574	39.0765
-10.20637588	39.2115
11.09388682	39.4105
2.810451329	39.1835
8.727190969	39.185
11.09388682	39.0845
2.810451329	39.083
32.39414953	39.0805
8.727190969	39.06
26.47740989	39.166
8.727190969	39.1125
-0.739592455	39.088
32.39414953	38.976
14.64393061	39.0805
20.56067025	39.204
17.01062646	39.074
8.727190969	39.092
-6.656332095	39.158
17.01062646	39.0855
-6.656332095	39.0845
-22.03985516	39.0985
2.810451329	39.0805
-4.289636239	39.0905
5.177147185	39.33
20.56067025	39.078
22.9273661	39.1125
-4.289636239	39.078
17.01062646	39.078
11.09388682	39.0845
-10.20637588	39.222
-4.289636239	39.2335
8.727190969	39.088
20.56067025	39.102
-12.57307173	39.116
26.47740989	39.3045
8.727190969	39.2245
11.09388682	39.074
20.56067025	39.0795
17.01062646	39.0855
20.56067025	38.8615
-0.739592455	39.3545
8.727190969	39.3355
-0.739592455	39.11
-0.739592455	39.0895
5.177147185	39.124
17.01062646	39.088
11.09388682	39.097
8.727190969	39.102
5.177147185	39.0755
8.727190969	39.092
-0.739592455	39.152
-10.20637588	39.0855
22.9273661	39.0945
26.47740989	38.957
-4.289636239	39.0895
11.09388682	39.1045
17.01062646	39.1045
22.9273661	39.0855
11.09388682	39.4385
2.810451329	38.971
2.810451329	39.0855
-16.12311552	39.0855
26.47740989	39.0845
20.56067025	39.0755
2.810451329	39.3875
14.64393061	39.0895
2.810451329	39.175
-0.739592455	39.082
26.47740989	39.082
8.727190969	39.069
-6.656332095	38.995
-0.739592455	39.0945
5.177147185	39.264
17.01062646	39.144
20.56067025	39.3405
-0.739592455	39.068
-10.20637588	39.2425
5.177147185	39.316
8.727190969	39.0935
8.727190969	39.12
-0.739592455	39.102
35.94419331	39.0935
-10.20637588	39.0995
22.9273661	39.1865
22.9273661	39.022
8.727190969	39.097
-4.289636239	39.0935
-0.739592455	39.181
26.47740989	39.2295
17.01062646	39.0795
8.727190969	39.0525
-16.12311552	39.0855
28.84410574	39.088
-16.12311552	39.087
-0.739592455	39.2055
20.56067025	39.088
2.810451329	39.088
-12.57307173	39.092
11.09388682	39.0895
2.810451329	39.1505
-12.57307173	39.0295
8.727190969	38.933
17.01062646	39.096
-0.739592455	39.0805
-0.739592455	39.1035
2.810451329	39.0985
22.9273661	39.226
2.810451329	39.087
11.09388682	39.097
11.09388682	39.092
5.177147185	39.0905
-0.739592455	39.032
8.727190969	38.943
-0.739592455	39.1505
11.09388682	39.088
2.810451329	39.0845
5.177147185	39.1775
11.09388682	39.0945
-16.12311552	38.8115
17.01062646	39.1085
-12.57307173	39.1035
8.727190969	39.0195
11.09388682	39.148
-0.739592455	39.3975
-6.656332095	39.088
5.177147185	39.0625
17.01062646	39.0995
14.64393061	39.092
-24.40655101	39.13
5.177147185	39.096
17.01062646	39.0855
38.31088917	39.5495
8.727190969	39.088
17.01062646	39.096
11.09388682	39.101
-10.20637588	39.097
22.9273661	39.0935
2.810451329	39.227
11.09388682	39.1035
22.9273661	39.0855
-10.20637588	39.0855
11.09388682	39.092
-24.40655101	39.102
11.09388682	39.115
-4.289636239	39.0765
28.84410574	39.096
-6.656332095	39.0845
14.64393061	39.092
17.01062646	39.0995
5.177147185	38.924
2.810451329	39.083
22.9273661	39.0805
-10.20637588	39.0905
14.64393061	39.339
8.727190969	39.073
2.810451329	39.0705
-0.739592455	39.129
28.84410574	39.102
-10.20637588	39.082
8.727190969	39.0935
2.810451329	39.096
-0.739592455	39.065
14.64393061	39.0935
14.64393061	39.0945
20.56067025	39.143
-12.57307173	38.8435
20.56067025	39.096
-6.656332095	39.0905
-0.739592455	38.9865
14.64393061	39.092
32.39414953	39.022
8.727190969	39.0945
17.01062646	38.874
8.727190969	39.116
-6.656332095	39.0985
28.84410574	38.9365
5.177147185	39.088
8.727190969	39.0895
14.64393061	39.0995
-10.20637588	39.0845
8.727190969	38.734
26.47740989	39.032
32.39414953	39.1175
14.64393061	38.9965
-10.20637588	39.575
-10.20637588	39.339
2.810451329	39.0435
-24.40655101	39.065
-0.739592455	39.0895
14.64393061	39.0845
-10.20637588	39.092
22.9273661	39.0945
2.810451329	38.994