Node #	x (correct)	y (correct)	z (correct)	xy (correct)	yz (correct)	xz (correct) 
11651	-1.1204E-10	-1.1602E-10	3.5899E-10	1.0431E-12	-4.8338E-11	-3.7494E-10
11651	-1.1177E-10	-1.1595E-10	3.5858E-10	1.0954E-12	-2.3566E-11	-1.8279E-10
11653	-1.0901E-10	-1.1944E-10	3.6336E-10	2.7828E-12	-8.3599E-11	-6.3899E-10
11653	-1.087E-10	-1.1929E-10	3.6274E-10	2.8247E-12	-5.6606E-11	-4.3195E-10
11654	-9.1334E-11	-1.1988E-10	3.47E-10	7.7345E-12	-1.4962E-10	-1.126E-09
11654	-9.1267E-11	-1.1946E-10	3.4603E-10	7.6385E-12	-1.2045E-10	-9.0609E-10
11655	-6.133E-11	-1.1882E-10	3.1535E-10	1.5675E-11	-2.0652E-10	-1.5427E-09
11655	-6.2288E-11	-1.1778E-10	3.1406E-10	1.5131E-11	-1.7716E-10	-1.3233E-09
11656	-2.1338E-11	-1.1669E-10	2.7158E-10	2.5774E-11	-2.5269E-10	-1.9014E-09
11656	-2.3566E-11	-1.1502E-10	2.7017E-10	2.4719E-11	-2.2296E-10	-1.6778E-09
11657	2.7091E-11	-1.1425E-10	2.1877E-10	3.7509E-11	-2.8768E-10	-2.203E-09
11657	2.5068E-11	-1.128E-10	2.1764E-10	3.6583E-11	-2.579E-10	-1.9751E-09
11658	8.3343E-11	-1.1238E-10	1.5953E-10	5.1297E-11	-3.1543E-10	-2.4469E-09
11658	8.5178E-11	-1.1305E-10	1.5915E-10	5.1947E-11	-2.8546E-10	-2.2145E-09
11659	8.7497E-10	-4.4394E-10	9.535E-11	3.4932E-10	-3.9232E-10	-3.028E-09
11659	9.8845E-10	-4.956E-10	9.5002E-11	3.931E-10	-3.6216E-10	-2.7949E-09
11660	8.3612E-09	-3.8387E-09	5.3643E-11	3.2951E-09	-9.0045E-10	-6.8082E-09
11660	8.6218E-09	-3.9561E-09	5.0484E-11	3.3965E-09	-8.7303E-10	-6.5998E-09
11661	2.3708E-08	-1.0809E-08	-2.5153E-12	9.3647E-09	-1.835E-09	-1.3774E-08
11661	2.386E-08	-1.0876E-08	-8.6297E-12	9.4239E-09	-1.8116E-09	-1.3598E-08
11662	4.3193E-08	-1.9701E-08	-1.2866E-11	1.6892E-08	-2.9078E-09	-2.2028E-08
11662	4.287E-08	-1.9556E-08	-9.2304E-12	1.6767E-08	-2.8826E-09	-2.1838E-08
11663	6.8647E-08	-3.1359E-08	6.4221E-12	2.6349E-08	-4.3095E-09	-3.3267E-08
11663	6.7461E-08	-3.0819E-08	9.7996E-12	2.5896E-08	-4.2716E-09	-3.2974E-08
11664	1.0308E-07	-4.7156E-08	1.2431E-10	3.9351E-08	-6.4441E-09	-5.0033E-08
11664	1.0111E-07	-4.6261E-08	1.355E-10	3.8601E-08	-6.385E-09	-4.9574E-08
11665	1.5009E-07	-6.8742E-08	4.7801E-10	5.8216E-08	-9.9471E-09	-7.606E-08
11665	1.489E-07	-6.8203E-08	4.9244E-10	5.776E-08	-9.8529E-09	-7.5338E-08
11666	2.1562E-07	-9.902E-08	1.4697E-09	8.5156E-08	-1.5579E-08	-1.1717E-07
11666	2.1714E-07	-9.9714E-08	1.4673E-09	8.576E-08	-1.5507E-08	-1.1663E-07
11667	3.1514E-07	-1.4523E-07	3.2421E-09	1.2467E-07	-2.4448E-08	-1.8384E-07
11667	3.0816E-07	-1.4205E-07	3.2556E-09	1.2193E-07	-2.4457E-08	-1.839E-07
11668	4.6472E-07	-2.1549E-07	7.337E-09	1.8217E-07	-3.9189E-08	-2.979E-07
11668	4.2979E-07	-1.9957E-07	7.385E-09	1.6858E-07	-3.8343E-08	-2.9146E-07
11669	6.0992E-07	-2.8567E-07	1.5574E-08	2.3853E-07	-6.3792E-08	-4.8739E-07
11669	6.6944E-07	-3.128E-07	1.5477E-08	2.616E-07	-6.2186E-08	-4.7512E-07
11670	7.7082E-07	-3.6652E-07	3.1789E-08	3.0515E-07	-1.0163E-07	-7.7042E-07
11670	1.0517E-06	-4.9481E-07	3.2048E-08	4.1511E-07	-1.0969E-07	-8.3152E-07
11671	1.7921E-06	-8.459E-07	6.1702E-08	7.1591E-07	-1.7598E-07	-1.3213E-06
11671	7.9346E-07	-3.9275E-07	6.6276E-08	3.2058E-07	-1.8582E-07	-1.3957E-06
11672	3.8277E-06	-0.000001807	1.3121E-07	1.5207E-06	-3.6802E-07	-2.7758E-06
11672	-2.6805E-07	6.5743E-08	1.2159E-07	-8.8931E-08	-2.247E-07	-1.6937E-06
11673	5.0203E-06	-0.000002416	2.6648E-07	1.9777E-06	-5.921E-07	-4.5326E-06
11673	-9.3426E-07	3.3197E-07	2.0305E-07	-3.3661E-07	-1.3727E-07	-1.0473E-06
11674	4.8621E-06	-2.4258E-06	4.3889E-07	0.000001912	-7.4033E-07	-5.7409E-06
11674	-0.000000853	2.6073E-07	2.7691E-07	-2.9237E-07	1.8765E-08	1.4653E-07
11675	4.3768E-06	-2.2956E-06	6.3637E-07	1.7576E-06	-8.6715E-07	-6.6916E-06
11675	-5.3166E-07	8.5185E-08	3.386E-07	-1.6198E-07	1.5126E-07	1.1659E-06
11676	3.8859E-06	-2.1685E-06	8.493E-07	1.6252E-06	-9.8678E-07	-0.000007476
11676	-2.1182E-07	-8.568E-08	3.9172E-07	-3.3176E-08	2.5623E-07	1.9405E-06
11677	3.4129E-06	-2.0528E-06	0.000001067	1.4845E-06	-0.000001084	-8.1268E-06
11677	9.027E-08	-2.4639E-07	4.409E-07	9.1368E-08	3.336E-07	2.5017E-06
11678	2.9336E-06	-1.9348E-06	1.2814E-06	1.3116E-06	-1.1457E-06	-8.6635E-06
11678	4.0311E-07	-4.1285E-07	4.9166E-07	2.1886E-07	3.7899E-07	2.8669E-06
11679	2.4215E-06	-1.7998E-06	1.4911E-06	1.1231E-06	-1.1885E-06	-9.0933E-06
11679	7.4877E-07	-5.9819E-07	5.5046E-07	3.5773E-07	3.9718E-07	3.0404E-06
11680	1.8974E-06	-1.6513E-06	0.000001687	9.5002E-07	-1.2395E-06	-9.4153E-06
11680	1.1055E-06	-7.9156E-07	6.1665E-07	5.0868E-07	3.9734E-07	3.0216E-06
11681	1.4166E-06	-0.00000151	1.8584E-06	8.0809E-07	-1.3079E-06	-9.6334E-06
11681	1.4215E-06	-9.6658E-07	6.8601E-07	6.6141E-07	3.824E-07	2.8224E-06
11682	1.0303E-06	-1.3951E-06	1.9944E-06	7.0116E-07	-1.3837E-06	-9.7543E-06
11682	1.6515E-06	-1.1008E-06	7.5467E-07	7.9733E-07	3.4959E-07	2.4718E-06
11683	7.5291E-07	-1.3122E-06	2.0912E-06	6.2332E-07	-1.4451E-06	-9.7867E-06
11683	1.7841E-06	-1.1903E-06	8.235E-07	8.9784E-07	2.9615E-07	2.0128E-06
11684	5.5814E-07	-1.2484E-06	2.1462E-06	5.6041E-07	-1.4732E-06	-9.7306E-06
11684	1.8449E-06	-1.2505E-06	8.9787E-07	9.5894E-07	2.2315E-07	1.4805E-06
11685	4.0248E-07	-1.1872E-06	2.1666E-06	4.9788E-07	-1.4641E-06	-0.000009591
11685	1.8709E-06	-1.3032E-06	9.8753E-07	9.9186E-07	1.3731E-07	9.0509E-07
11686	2.4407E-07	-1.1112E-06	2.1567E-06	4.2258E-07	-1.4234E-06	-0.000009371
11686	0.000001897	-1.3684E-06	1.1017E-06	1.0149E-06	4.3889E-08	2.9291E-07
11687	5.5725E-08	-1.0061E-06	0.000002113	3.2828E-07	-1.3657E-06	-9.0706E-06
11687	1.9437E-06	-1.4594E-06	1.2507E-06	1.0479E-06	-5.661E-08	-3.7221E-07
11688	-1.5924E-07	-8.7061E-07	2.0305E-06	2.1975E-07	-1.3066E-06	-8.6928E-06
11688	2.0053E-06	-1.5737E-06	1.4367E-06	1.1003E-06	-1.6664E-07	-1.1034E-06
11689	-3.8191E-07	-7.1012E-07	1.9018E-06	1.0255E-07	-1.2471E-06	-8.2406E-06
11689	0.000002064	-1.7042E-06	1.6618E-06	1.1669E-06	-2.8882E-07	-1.9021E-06
11690	-6.0372E-07	-5.2615E-07	1.7214E-06	-2.3173E-08	-1.1752E-06	-7.7092E-06
11690	2.1132E-06	-1.8494E-06	1.9285E-06	1.2366E-06	-4.2257E-07	-2.7658E-06
11691	-8.3267E-07	-3.1299E-07	1.4849E-06	-1.6123E-07	-1.0826E-06	-7.0919E-06
11691	2.1604E-06	-2.0164E-06	2.2428E-06	1.3055E-06	-5.6445E-07	-3.6912E-06
11692	-1.0797E-06	-6.2687E-08	0.000001186	-3.1607E-07	-9.7206E-07	-6.3815E-06
11692	2.2157E-06	-2.2115E-06	0.000002609	1.3811E-06	-7.1485E-07	-0.000004684
11693	-1.3477E-06	2.2868E-07	8.1907E-07	-4.907E-07	-8.4869E-07	-5.5739E-06
11693	2.2812E-06	-2.4369E-06	3.0307E-06	0.000001472	-8.7784E-07	-5.7524E-06
11694	-1.6338E-06	5.6227E-07	3.782E-07	-6.8671E-07	-7.1218E-07	-4.6626E-06
11694	2.3537E-06	-2.6935E-06	3.5142E-06	1.5806E-06	-1.0572E-06	-6.9037E-06
11695	-1.9358E-06	9.3948E-07	-1.4187E-07	-9.0583E-07	-5.5897E-07	-3.6372E-06
11695	2.4292E-06	-2.9842E-06	4.0692E-06	1.7072E-06	-1.2544E-06	-8.1387E-06
11696	-2.2577E-06	1.3625E-06	-7.4179E-07	-1.1476E-06	-3.8312E-07	-0.00000248
11696	2.5085E-06	-3.3131E-06	4.7028E-06	1.8472E-06	-1.4653E-06	-0.000009455
11697	-2.6076E-06	1.8406E-06	-1.4323E-06	-1.4114E-06	-1.8109E-07	-1.1733E-06
11697	2.5994E-06	-3.6874E-06	5.4216E-06	1.9965E-06	-1.6827E-06	-0.000010851
11698	-2.9949E-06	2.3851E-06	-2.2279E-06	-1.6982E-06	4.6805E-08	2.9975E-07
11698	2.7124E-06	-4.1124E-06	0.000006226	2.1562E-06	-1.9033E-06	-0.000012337
11699	-3.4262E-06	0.000003008	-3.1472E-06	-2.0089E-06	2.9816E-07	1.9504E-06
11699	2.8575E-06	-0.000004591	0.000007112	2.3275E-06	-2.1273E-06	-0.000013935
11700	-3.8986E-06	3.7189E-06	-4.2148E-06	-2.3504E-06	5.7143E-07	3.7837E-06
11700	3.0438E-06	-5.1207E-06	0.000008067	2.5207E-06	-2.3666E-06	-0.000015682
11701	-0.000004409	4.5228E-06	-0.000005447	-2.7408E-06	8.7027E-07	5.7973E-06
11701	3.2702E-06	-5.7078E-06	9.1085E-06	2.7558E-06	-2.6431E-06	-0.000017614
11702	-4.9657E-06	5.4157E-06	-6.8294E-06	-3.1952E-06	1.2054E-06	8.0105E-06
11702	3.5286E-06	-6.3613E-06	0.000010266	3.0441E-06	-2.9727E-06	-0.000019761
11703	-5.5834E-06	0.000006397	-8.3476E-06	-3.7226E-06	1.5876E-06	0.000010457
11703	3.8147E-06	-7.0972E-06	0.000011578	3.3904E-06	-3.3592E-06	-0.00002213
11704	-6.2769E-06	7.4692E-06	-9.9907E-06	-4.3208E-06	2.0215E-06	0.000013172
11704	4.1336E-06	-7.9344E-06	0.000013078	3.7929E-06	-3.7934E-06	-0.000024721
11705	-7.0626E-06	8.6453E-06	-0.000011767	-4.9688E-06	2.5006E-06	0.000016204
11705	4.4968E-06	-8.8887E-06	0.000014786	4.2336E-06	-4.2498E-06	-0.000027534
11706	-7.9409E-06	9.9535E-06	-0.000013729	-5.6394E-06	3.0132E-06	0.000019605
11706	4.9228E-06	-9.9551E-06	0.000016667	0.000004688	-4.7032E-06	-0.000030587
11707	-8.8932E-06	0.000011427	-0.000015966	-6.3313E-06	3.5578E-06	0.000023415
11707	5.4323E-06	-0.000011118	0.000018669	5.1554E-06	-5.1572E-06	-0.000033919
11708	-0.000009905	0.000013086	-0.000018541	-0.000007078	4.1521E-06	0.000027656
11708	6.0414E-06	-0.000012368	0.000020757	5.6651E-06	-5.6473E-06	-0.000037588
11709	-0.000010993	0.000014933	-0.000021453	-7.9342E-06	4.8274E-06	0.000032357
11709	6.7582E-06	-0.000013719	0.000022962	6.2626E-06	-0.00000622	-0.000041658
11710	-0.000012208	0.00001697	-0.000024654	-8.9214E-06	5.5965E-06	0.000037568
11710	7.5878E-06	-0.000015213	0.000025371	0.000006966	-6.8877E-06	-0.000046192
11711	-0.000013586	0.000019217	-0.000028154	-0.000010037	6.4593E-06	0.000043361
11711	0.000008559	-0.000016879	0.000028013	7.7759E-06	-7.6436E-06	-0.000051254
11712	-0.000015153	0.000021701	-0.000031979	-0.000011297	7.4285E-06	0.000049813
11712	9.7078E-06	-0.000018745	0.000030915	0.000008713	-8.4983E-06	-0.000056914
11713	-0.000016949	0.000024439	-0.000036136	-0.000012744	8.5314E-06	0.000057011
11713	0.000011078	-0.000020838	0.000034095	9.8162E-06	-9.4782E-06	-0.000063247
11714	-0.000019048	0.000027443	-0.000040586	-0.000014449	9.8133E-06	0.000065054
11714	0.00001272	-0.000023207	0.000037616	0.000011151	-0.000010627	-0.000070338
11715	-0.000021565	0.000030729	-0.000045244	-0.000016428	0.000011278	0.000074061
11715	0.00001469	-0.000025936	0.000041601	0.000012745	-0.000011944	-0.000078304
11716	-0.000024601	0.000034361	-0.000050122	-0.00001854	0.00001282	0.000084191
11716	0.000017087	-0.000029063	0.00004601	0.00001449	-0.000013316	-0.000087291
11717	-0.000028102	0.000038474	-0.000055529	-0.000020633	0.000014345	0.000095624
11717	0.000020087	-0.000032483	0.000050421	0.000016267	-0.000014647	-0.000097435
11718	-0.000031952	0.000043238	-0.000061998	-0.00002303	0.000016087	0.0001086
11718	0.000023897	-0.000036125	0.00005452	0.000018355	-0.000016171	-0.00010891
11719	-0.000036455	0.000048486	-0.000068993	-0.00002648	0.000018533	0.0001232
11719	0.000028651	-0.000040124	0.000058566	0.000021409	-0.000018365	-0.00012176
11720	-0.0000424	0.000053967	-0.000075275	-0.000031538	0.000021965	0.00013955
11720	0.000034456	-0.000044953	0.000063534	0.000025956	-0.000021482	-0.00013613
11721	-0.000050611	0.000059595	-0.000079811	-0.000038085	0.000026122	0.0001577
11721	0.000041583	-0.000051079	0.000070137	0.000031988	-0.000025291	-0.00015237
11722	-0.000061629	0.000065611	-0.000082413	-0.000045376	0.000030299	0.00017756
11722	0.000050623	-0.000058687	0.000078052	0.000038941	-0.000029193	-0.00017092
11723	-0.000075584	0.000072497	-0.000083849	-0.000052885	0.000033976	0.00019891
11723	0.000062374	-0.000067437	0.000085646	0.000046311	-0.000032747	-0.00019177
11724	-0.000092575	0.000080472	-0.000084586	-0.000061193	0.000037403	0.00022133
11724	0.000077489	-0.000076889	0.000091398	0.000054537	-0.000036182	-0.00021438
11725	-0.00011309	0.000089298	-0.000083838	-0.000071463	0.000041033	0.00024362
11725	0.000096463	-0.000086895	0.00009469	0.000064688	-0.000039924	-0.00023751
11726	-0.00013786	0.000098626	-0.000080176	-0.000084041	0.000044625	0.00026383
11726	0.0001196	-0.000097569	0.000095512	0.000077109	-0.000043755	-0.00025942
11727	-0.00016723	0.00010837	-0.000072876	-0.000097863	0.000047111	0.00027924
11727	0.00014705	-0.00010885	0.000093391	0.000090789	-0.000046661	-0.00027764
11728	-0.00020025	0.0001185	-0.000062612	-0.00011155	0.000047519	0.00028646
11728	0.00017838	-0.00012027	0.000087537	0.0001044	-0.00004768	-0.00028883
11729	-0.0002347	0.0001284	-0.000050294	-0.00012487	0.000045842	0.00028245
11729	0.00021176	-0.00013091	0.000077888	0.00011772	-0.00004672	-0.00028945
11730	-0.00026788	0.00013722	-0.000037078	-0.00013845	0.000042432	0.00026507
11730	0.00024435	-0.00014016	0.000066193	0.00013126	-0.000044044	-0.00027677
11731	-0.00029705	0.00014429	-0.000024297	-0.00015175	0.000037291	0.00023417
11731	0.00027297	-0.00014765	0.000054823	0.00014446	-0.000039641	-0.00025048
11732	-0.00031958	0.00014934	-0.00001368	-0.00016272	0.000030301	0.00019185
11732	0.00029492	-0.00015318	0.000045793	0.00015529	-0.000033437	-0.00021298
11733	-0.00033368	0.00015238	-6.6369E-06	-0.00016885	0.000021791	0.00014211
11733	0.00030856	-0.00015669	0.000040211	0.00016139	-0.000025784	-0.00016861
11734	-0.00033866	0.00015347	-3.8112E-06	-0.00016893	0.000012712	0.000090015
11734	0.00031333	-0.00015804	0.000038147	0.00016154	-0.000017591	-0.00012236
11735	-0.00033481	0.0001525	-4.8144E-06	-0.00016387	4.1899E-06	0.000040198
11735	0.00030969	-0.00015699	0.000038814	0.00015664	-0.000009912	-0.000078426
11736	-0.00032339	0.00014934	-8.5366E-06	-0.00015596	-3.0448E-06	-3.8647E-06
11736	0.00029892	-0.00015345	0.000041088	0.00014891	-3.4101E-06	-0.000039553
11737	-0.00030622	0.00014407	-0.000013658	-0.00014762	-0.000008873	-0.000040433
11737	0.00028262	-0.00014749	0.000043869	0.00014067	1.8082E-06	-6.8465E-06
11738	-0.00028533	0.00013696	-0.000018869	-0.00014002	-0.000013561	-0.000069442
11738	0.00026259	-0.0001396	0.000046567	0.00013301	5.9815E-06	0.000019728
11739	-0.00026272	0.00012859	-0.000023155	-0.00013214	-0.000017342	-0.000092069
11739	0.00024058	-0.00013064	0.000048978	0.00012501	0.000009338	0.000040791
11740	-0.00023981	0.00011976	-0.000026363	-0.00012193	-0.000020153	-0.00010989
11740	0.00021792	-0.00012132	0.000050883	0.00011469	0.000011849	0.000057069
11741	-0.00021686	0.00011082	-0.000028893	-0.00010884	-0.000021906	-0.0001242
11741	0.00019516	-0.00011166	0.000051703	0.00010159	0.000013447	0.000069498
11742	-0.00019339	0.00010167	-0.000031381	-0.000095061	-0.000022916	-0.00013556
11742	0.00017232	-0.00010132	0.000051046	0.000087847	0.00001439	0.000079145
11743	-0.00016928	0.000092061	-0.000033857	-0.000082883	-0.000023745	-0.00014417
11743	0.00014922	-0.000090124	0.000049139	0.000075607	0.000015155	0.000086981
11744	-0.00014504	0.000082015	-0.000035879	-0.000072644	-0.000024698	-0.0001503
11744	0.00012595	-0.000078419	0.00004663	0.000065112	0.000016043	0.000093642
11745	-0.00012124	0.000071761	-0.000037154	-0.000063236	-0.000025676	-0.00015442
11745	0.00010285	-0.000066724	0.000044101	0.000055322	0.000017024	0.000099378
11746	-0.000098018	0.000061444	-0.000037622	-0.000053304	-0.000026337	-0.00015717
11746	0.000079967	-0.000055292	0.000041809	0.000045034	0.000017851	0.00010432
11747	-0.000075173	0.000051223	-0.000037739	-0.000042446	-0.000026439	-0.00015892
11747	0.000057318	-0.000044034	0.000039503	0.000033931	0.000018292	0.00010842
11748	-0.000052331	0.000041061	-0.00003789	-0.000031114	-0.000026036	-0.00015984
11748	0.000034768	-0.000032679	0.000036826	0.000022468	0.000018359	0.00011179
11749	-0.000029091	0.000030855	-0.000038369	-0.000019846	-0.000025363	-0.00015978
11749	0.000012088	-0.000021004	0.000033632	0.000011121	0.000018236	0.0001146
11750	-0.000005393	0.000020553	-0.000039176	-8.9067E-06	-0.00002477	-0.00015857
11750	-0.000010807	-8.9906E-06	0.00002999	2.5384E-08	0.000018216	0.00011696
11751	0.000018378	0.000010216	-0.000040007	1.9093E-06	-0.000024558	-0.00015605
11751	-0.000033737	3.0698E-06	0.000026275	-0.000011154	0.000018586	0.00011899
11752	0.000041622	-2.5813E-08	-0.000040429	0.000013131	-0.000024737	-0.00015232
11752	-0.000056374	0.00001474	0.000022967	-0.000022969	0.000019405	0.00012075
11753	0.000063909	-0.00001009	-0.000040113	0.000025048	-0.000025009	-0.0001477
11753	-0.000078512	0.000025733	0.000020417	-0.000035609	0.000020445	0.0001222
11754	0.000085185	-0.000019946	-0.00003909	0.000037454	-0.000025055	-0.00014257
11754	-0.0001001	0.000036046	0.000018627	-0.000048729	0.000021412	0.00012336
11755	0.00010574	-0.000029694	-0.00003754	0.000049885	-0.000024714	-0.00013725
11755	-0.00012133	0.000045901	0.000017431	-0.000061761	0.000022099	0.0001242
11756	0.00012605	-0.000039468	-0.000035744	0.000061937	-0.000023979	-0.00013192
11756	-0.0001425	0.00005562	0.000016556	-0.000074255	0.000022423	0.00012475
11757	0.00014642	-0.000049316	-0.000033934	0.00007358	-0.000022999	-0.00012661
11757	-0.00016377	0.000065401	0.000015755	-0.00008623	0.000022477	0.00012501
11758	0.00016694	-0.000059202	-0.00003221	0.000085229	-0.000021983	-0.0001213
11758	-0.00018512	0.000075247	0.00001491	-0.000098174	0.000022449	0.00012498
11759	0.00018753	-0.000069065	-0.000030507	0.000097347	-0.000021053	-0.00011594
11759	-0.00020646	0.000085038	0.000014073	-0.00011061	0.000022472	0.00012467
11760	0.000208	-0.000078816	-0.000028788	0.00011003	-0.000020202	-0.0001105
11760	-0.0002277	0.000094689	0.000013291	-0.00012367	0.000022564	0.00012412
11761	0.00022836	-0.000088538	-0.000027014	0.00012277	-0.000019319	-0.00010502
11761	-0.00024892	0.00010428	0.000012607	-0.00013681	0.000022612	0.0001234
11762	0.0002489	-0.000098401	-0.000025236	0.00013497	-0.000018315	-0.000099535
11762	-0.00027029	0.000114	0.000011936	-0.00014932	0.000022494	0.0001225
11763	0.00026971	-0.0001084	-0.000023524	0.00014684	-0.00001725	-0.000094059
11763	-0.00029184	0.00012388	0.000011196	-0.00016141	0.000022265	0.00012142
11764	0.00029058	-0.00011833	-0.000021904	0.00015928	-0.000016241	-0.000088536
11764	-0.00031344	0.00013376	0.00001037	-0.00017414	0.000022082	0.00012014
11765	0.00031124	-0.00012804	-0.0000203	0.00017287	-0.000015328	-0.000082935
11765	-0.00033489	0.00014343	9.5451E-06	-0.00018818	0.00002202	0.00011866
11766	0.0003317	-0.00013759	-0.00001867	0.00018711	-0.000014439	-0.000077296
11766	-0.0003561	0.00015291	8.7497E-06	-0.00020289	0.000021986	0.00011698
11767	0.00035219	-0.00014716	-0.000017011	0.00020131	-0.000013511	-0.000071671
11767	-0.00037714	0.00016232	0.000007967	-0.00021742	0.00002188	0.00011514
11768	0.00037281	-0.00015682	-0.000015371	0.00021531	-0.000012541	-0.000066071
11768	-0.00039809	0.00017172	7.1561E-06	-0.00023159	0.000021688	0.00011313
11769	0.00039358	-0.00016655	-0.000013768	0.00022912	-0.000011541	-0.000060495
11769	-0.00041907	0.00018119	6.3089E-06	-0.00024548	0.000021421	0.00011098
11770	0.00041442	-0.00017625	-0.000012227	0.00024322	-0.000010544	-0.000054948
11770	-0.00044004	0.00019064	5.4082E-06	-0.00025965	0.00002113	0.00010865
11771	0.00043521	-0.00018585	-0.000010707	0.000258	-9.5699E-06	-0.000049457
11771	-0.00046091	0.00019998	4.4972E-06	-0.00027451	0.000020844	0.00010614
11772	0.00045585	-0.00019531	-9.2004E-06	0.0002734	-8.6109E-06	-0.000044032
11772	-0.00048168	0.0002092	3.5844E-06	-0.00029003	0.000020554	0.00010345
11773	0.0004763	-0.0002046	-7.7262E-06	0.00028923	-7.6579E-06	-0.000038682
11773	-0.00050238	0.00021832	2.6686E-06	-0.00030611	0.000020241	0.00010058
11774	0.00049683	-0.00021394	-6.2751E-06	0.00030479	-6.6963E-06	-0.000033447
11774	-0.00052319	0.00022752	1.7626E-06	-0.00032189	0.000019846	0.000097547
11775	0.00051778	-0.00022356	-4.8851E-06	0.00031951	-5.7299E-06	-0.00002838
11775	-0.00054423	0.00023696	8.3344E-07	-0.00033666	0.000019331	0.000094347
11776	0.00053903	-0.00023331	-3.5283E-06	0.00033421	-4.7951E-06	-0.000023532
11776	-0.00056543	0.00024648	-9.361E-08	-0.00035132	0.000018757	0.000090982
11777	0.00056006	-0.00024273	-2.2361E-06	0.00035068	-3.9229E-06	-0.000018923
11777	-0.00058644	0.0002557	-1.0115E-06	-0.00036786	0.000018229	0.000087424
11778	0.00058048	-0.00025153	-9.7814E-07	0.00036982	-3.1167E-06	-0.000014592
11778	-0.00060684	0.00026429	-1.9017E-06	-0.00038721	0.000017779	0.00008368
11779	0.00060051	-0.00025995	2.5794E-07	0.00039045	-2.3595E-06	-0.000010582
11779	-0.00062661	0.00027238	-2.7531E-06	-0.00040794	0.00001733	0.000079793
11780	0.00062044	-0.00026833	0.000001532	0.00041097	-1.6412E-06	-6.9045E-06
11780	-0.00064621	0.00028034	-3.4983E-06	-0.00042845	0.000016806	0.000075813
11781	0.00064011	-0.00027653	2.7444E-06	0.00043154	-9.6522E-07	-3.5446E-06
11781	-0.00066573	0.00028821	-0.000004201	-0.00044912	0.000016224	0.000071757
11782	0.00065887	-0.00028397	4.0098E-06	0.00045475	-3.4592E-07	-5.4242E-07
11782	-0.00068446	0.00029527	-4.7721E-06	-0.00047256	0.000015692	0.000067667
11783	0.00067588	-0.00028982	5.2699E-06	0.00048333	2.2956E-07	2.1155E-06
11783	-0.0007013	0.00030062	-5.2367E-06	-0.00050148	0.000015292	0.000063566
11784	0.00069069	-0.00029393	0.000006511	0.00051632	8.0165E-07	4.5448E-06
11784	-0.00071603	0.00030423	-5.6841E-06	-0.00053503	0.00001497	0.000059487
11785	0.00070426	-0.00029726	0.000007625	0.00054912	1.4053E-06	0.000006905
11785	-0.00072961	0.00030718	-6.1865E-06	-0.00056848	0.000014578	0.000055478
11786	0.00071824	-0.00030128	8.6955E-06	0.00057752	2.0484E-06	9.3146E-06
11786	-0.00074352	0.00031082	-6.6534E-06	-0.00059728	0.00001401	0.00005159
11787	0.00073335	-0.00030653	9.6873E-06	0.00060051	2.7342E-06	0.000011868
11787	-0.0007586	0.00031575	-7.0807E-06	-0.00062046	0.000013275	0.000047837
11788	0.00074949	-0.00031281	0.000010618	0.00061969	3.4575E-06	0.000014574
11788	-0.00077476	0.00032178	-7.5065E-06	-0.00063972	0.00001245	0.000044231
11789	0.00076613	-0.0003195	0.000011622	0.00063798	4.2075E-06	0.000017359
11789	-0.00079141	0.00032813	-0.000007775	-0.00065795	0.000011625	0.000040799
11790	0.00078241	-0.00032569	0.000012552	0.00065817	4.9912E-06	0.000020161
11790	-0.00080772	0.000334	-8.0251E-06	-0.00067817	0.00001086	0.000037538
11791	0.00079791	-0.00033099	0.000013381	0.00068133	0.00000581	0.000022919
11791	-0.00082316	0.00033898	-8.2912E-06	-0.00070143	0.00001017	0.000034461
11792	0.00081327	-0.00033604	0.000014127	0.00070537	6.6388E-06	0.000025605
11792	-0.00083818	0.00034363	-8.5696E-06	-0.00072536	9.5154E-06	0.00003158
11793	0.00082959	-0.00034195	0.00001476	0.00072648	0.000007432	0.000028226
11793	-0.00085416	0.00034924	-8.8932E-06	-0.00074628	8.8437E-06	0.000028884
11794	0.00084717	-0.00034899	0.000015333	0.00074415	8.1527E-06	0.000030717
11794	-0.00087155	0.00035608	-9.2079E-06	-0.00076377	8.1654E-06	0.000026386
11795	0.00086476	-0.00035581	0.000015944	0.00076346	8.8179E-06	0.000032925
11795	-0.00088874	0.00036255	-9.4292E-06	-0.00078271	0.000007559	0.000024128
11796	0.0008802	-0.00036031	0.000016529	0.00079061	9.4911E-06	0.000034735
11796	-0.00090342	0.00036652	-9.6217E-06	-0.00080941	7.0868E-06	0.000022119
11797	0.00089274	-0.000362	0.000016956	0.00082534	0.000010193	0.000036179
11797	-0.0009153	0.00036781	-0.000009918	-0.00084404	6.7171E-06	0.000020302
11798	0.00090489	-0.00036339	0.000017041	0.00085917	0.000010838	0.000037401
11798	-0.00092686	0.00036911	-0.000010507	-0.00087797	6.3467E-06	0.000018604
11799	0.00091998	-0.0003676	0.000017035	0.00088439	0.000011312	0.000038481
11799	-0.00094092	0.00037318	-0.000011167	-0.00090264	5.9164E-06	0.000017021
11800	0.00093773	-0.0003744	0.000017187	0.00090279	0.000011612	0.000039363
11800	-0.00095761	0.00037968	-0.000011606	-0.00092015	0.000005464	0.000015571
11801	0.00095474	-0.00038043	0.000017326	0.00092345	0.000011847	0.000039911
11801	-0.00097413	0.00038561	-0.000011978	-0.00094049	5.0645E-06	0.000014266
11802	0.00096885	-0.00038349	0.000017532	0.00095296	0.00001207	0.000039968
11802	-0.00098767	0.00038843	-0.000012216	-0.00096973	4.7744E-06	0.000013181
11803	0.00098108	-0.00038458	0.000017738	0.0009881	0.000012215	0.000039521
11803	-0.0009988	0.00038903	-0.000012418	-0.0010042	4.5758E-06	0.000012336
11804	0.00099384	-0.00038629	0.000017769	0.0010204	0.000012181	0.000038679
11804	-0.0010107	0.0003905	-0.000012743	-0.001036	4.4079E-06	0.000011663
11805	0.0010081	-0.00038971	0.000017843	0.0010474	0.000011925	0.000037446
11805	-0.0010247	0.00039382	-0.000012986	-0.0010628	4.2733E-06	0.000011188
11806	0.0010221	-0.00039282	0.000018188	0.0010757	0.000011509	0.000035731
11806	-0.0010381	0.00039654	-0.000012921	-0.0010907	4.2325E-06	0.000010992
11807	0.0010324	-0.00039238	0.000018626	0.0011129	0.000011014	0.0000335
11807	-0.001048	0.00039557	-0.000012744	-0.0011276	4.3319E-06	0.000011097
11808	0.0010379	-0.00038736	0.000019003	0.0011599	0.000010455	0.000030839
11808	-0.0010532	0.00039018	-0.000012614	-0.0011747	0.00000457	0.000011455
11809	0.0010406	-0.0003799	0.000019239	0.0012102	9.7886E-06	0.000027932
11809	-0.0010559	0.00038252	-0.000012639	-0.0012255	4.8954E-06	0.000011971
11810	0.0010435	-0.00037292	0.000019396	0.0012572	9.0052E-06	0.000024996
11810	-0.0010587	0.00037536	-0.000012744	-0.0012729	5.2348E-06	0.000012519
11811	0.0010479	-0.00036781	0.000019493	0.0012979	8.1557E-06	0.000022204
11811	-0.0010633	0.00037024	-0.000012905	-0.0013142	5.5302E-06	0.000012993
11812	0.001054	-0.00036448	0.000019607	0.0013335	7.3051E-06	0.000019645
11812	-0.0010697	0.00036696	-0.000012971	-0.0013506	5.7621E-06	0.000013344
11813	0.00106		-0.00036149	0.000019972	0.0013676	6.5132E-06	0.000017357
11813	-0.0010766	0.00036391	-0.000012709	-0.001386	5.9417E-06	0.000013565
11814	0.0010642	-0.00035677	0.000020229	0.001404	5.8324E-06	0.000015381
11814	-0.001082	0.00035929	-0.000012414	-0.0014242	6.0819E-06	0.000013641
11815	0.0010659	-0.00034957	0.000020357	0.0014445	5.2868E-06	0.000013752
11815	-0.0010845	0.00035207	-0.00001211	-0.0014662	0.000006178	0.000013547
11816	0.0010665	-0.00034136	0.00002047	0.0014862	4.8956E-06	0.000012542
11816	-0.0010855	0.00034358	-0.000011632	-0.0015087	6.1749E-06	0.000013206
11817	0.0010695	-0.00033553	0.000020137	0.0015215	4.6798E-06	0.000011847
11817	-0.0010892	0.00033788	-0.000011332	-0.0015454	5.9787E-06	0.000012509
11818	0.0010774	-0.00033481	0.00001977	0.0015467	4.6317E-06	0.000011662
11818	-0.0010984	0.00033743	-0.000010792	-0.0015725	0.000005554	0.000011434
11819	0.0010893	-0.00033786	0.000019548	0.0015656	4.7375E-06	0.000011898
11819	-0.0011115	0.00034053	-9.7641E-06	-0.001593	4.9432E-06	0.000010027
11820	0.001101	-0.00034054	0.000019273	0.0015857	4.9785E-06	0.000012426
11820	-0.0011247	0.0003432	-8.4333E-06	-0.0016147	4.2207E-06	8.3735E-06
11821	0.0011092	-0.0003396	0.000018906	0.0016124	5.3307E-06	0.000013116
11821	-0.0011346	0.00034218	-6.7844E-06	-0.0016436	3.4366E-06	6.5555E-06
11822	0.0011132	-0.00033441	0.000018309	0.0016462	5.7701E-06	0.000013891
11822	-0.0011403	0.00033683	-4.9519E-06	-0.0016798	2.5886E-06	4.6008E-06
11823	0.0011142	-0.00032622	0.000017394	0.001684	6.2805E-06	0.00001473
11823	-0.0011427	0.0003285	-3.0718E-06	-0.00172	1.6324E-06	2.4638E-06
11824	0.0011141	-0.00031708	0.000016028	0.0017213	6.8523E-06	0.00001565
11824	-0.0011439	0.00031937	-1.2755E-06	-0.00176	5.0879E-07	5.5026E-08
11825	0.0011149	-0.00030906	0.000014402	0.0017552	7.4659E-06	0.000016652
11825	-0.0011458	0.00031144	4.7907E-07	-0.0017963	-8.1583E-07	-2.6836E-06
11826	0.001117	-0.00030277	0.000012624	0.0017844	8.1127E-06	0.000017732
11826	-0.0011493	0.00030537	2.1965E-06	-0.0018283	-2.3432E-06	-5.7611E-06
11827	0.0011185	-0.0002962	0.000010473	0.0018122	0.000008795	0.000018848
11827	-0.001152	0.00029933	3.4237E-06	-0.0018591	-4.0292E-06	-9.0746E-06
11828	0.0011164	-0.00028633	8.3657E-06	0.0018438	9.5138E-06	0.000019913
11828	-0.0011501	0.0002898	4.2911E-06	-0.0018927	-5.7874E-06	-0.000012387
11829	0.0011085	-0.00027134	6.2698E-06	0.0018808	0.000010219	0.000020783
11829	-0.0011413	0.00027504	4.4173E-06	-0.0019305	-7.4721E-06	-0.000015352
11830	0.0010944	-0.00025129	4.2334E-06	0.0019209	0.000010791	0.000021225
11830	-0.0011255	0.00025533	3.5733E-06	-0.0019711	-8.8569E-06	-0.000017504
11831	0.0010753	-0.00022803	2.7568E-06	0.0019607	0.000011019	0.000020917
11831	-0.0011045	0.00023233	0.000002052	-0.0020111	-0.0000096	-0.000018271
11832	0.0010541	-0.00020415	1.7083E-06	0.0019965	0.000010645	0.000019535
11832	-0.0010811	0.00020877	-1.5948E-07	-0.0020466	-9.3079E-06	-0.000017119
11833	0.0010336	-0.00018218	1.2427E-06	0.0020265	9.4609E-06	0.000016851
11833	-0.0010581	0.00018699	-2.5502E-06	-0.0020754	-7.6607E-06	-0.000013683
11834	0.0010166	-0.00016339	1.0559E-06	0.0020531	7.3999E-06	0.000012855
11834	-0.0010386	0.00016811	-4.2899E-06	-0.0020994	-4.5656E-06	-7.9693E-06
11835	0.00070593	-0.0001059	1.0912E-06	0.0014547	4.3921E-06	7.4799E-06
11835	-0.0009088	0.0001353	-3.1823E-06	-0.0018802	-8.0347E-07	-1.3905E-06
11836	-3.1629E-06	-9.1069E-07	2.8283E-07	-0.000011054	1.9063E-06	0.000003201
11836	-0.00064299	0.000088897	-2.9837E-07	-0.0013517	1.3502E-06	2.2634E-06
11837	-0.00054208	0.000071869	9.0453E-07	-0.0011486	1.1371E-06	1.8981E-06
11837	-0.0005388	0.000071477	1.0183E-06	-0.0011413	1.3997E-06	2.3363E-06
11838	-0.00071261	0.000095151	7.7455E-07	-0.0015083	1.0048E-06	1.6774E-06
11838	-0.00067255	0.000089891	7.0147E-07	-0.0014232	1.0158E-06	1.6957E-06
11839	-0.00080206	0.00011183	-1.2169E-07	-0.0016821	7.8539E-07	0.000001319
11839	-0.00079104	0.00011025	-2.8344E-07	-0.0016595	7.5699E-07	1.2712E-06
11840	-0.00084322	0.00012398	-5.2329E-07	-0.0017454	4.8589E-07	8.2331E-07
11840	-0.00077327	0.00011339	6.7348E-09	-0.0016008	4.3108E-07	7.2991E-07
11841	-0.00048621	0.000072841	9.0821E-07	-0.00099895	-4.2049E-08	-7.1171E-08
11841	-0.00079452	0.00011877	1.1699E-06	-0.001634	-1.0719E-07	-1.822E-07
11842	0.00032885	-0.000042371	-8.3906E-07	0.00070075	-1.0848E-06	-1.8176E-06
11842	-0.00088428	0.0001249	-3.381E-07	-0.0018489	-9.2589E-07	-1.5518E-06
11843	0.0008544	-0.00010388	-1.5111E-06	0.0018444	-2.0073E-06	-3.3033E-06
11843	-0.00091116	0.00011237	-1.0764E-06	-0.0019666	-1.4388E-06	-2.3714E-06
11844	0.00088266	-0.000094068	-1.4724E-06	0.0019537	-2.4467E-06	-3.9518E-06
11844	-0.00088274	0.000094853	-7.1781E-07	-0.0019555	-1.3448E-06	-0.000002181
11845	0.0008301	-0.000084051	-0.000001146	0.0018538	-2.7968E-06	-4.4879E-06
11845	-0.00083003	0.000084671	-6.3707E-07	-0.0018549	-1.1184E-06	-1.8085E-06
11846	0.00078408	-0.000080934	-1.0213E-06	0.0017456	-3.0792E-06	-4.9466E-06
11846	-0.00078415	0.000081526	-6.3637E-07	-0.0017469	-9.063E-07	-1.4769E-06
11847	0.00073499	-0.000074702	-6.4444E-07	0.0016411	-3.3411E-06	-5.3491E-06
11847	-0.00073531	0.000075195	-6.6098E-07	-0.0016427	-7.1187E-07	-1.1692E-06
11848	0.00067738	-0.000059725	-3.1106E-07	0.0015455	-3.5697E-06	-5.6237E-06
11848	-0.00067758	0.000060049	-5.6552E-07	-0.0015466	-5.9121E-07	-9.6762E-07
11849	0.00061301	-0.000038323	2.026E-07	0.0014548	-0.000003723	-5.7058E-06
11849	-0.00061306	0.000038482	-6.6004E-07	-0.0014552	-5.9428E-07	-9.526E-07
11850	0.00054737	-0.00001582	6.9859E-07	0.0013634	-3.7762E-06	-5.6005E-06
11850	-0.00054733	0.000015883	-8.8894E-07	-0.0013635	-7.3686E-07	-1.1409E-06
11851	0.00048522	3.1654E-06	1.2885E-06	0.001268	-3.7022E-06	-5.3216E-06
11851	-0.00048512	-3.2685E-06	-9.5295E-07	-0.0012675	-1.0383E-06	-1.5461E-06
11852	0.00042916	0.00001615	1.7772E-06	0.0011671	-3.5018E-06	-4.9081E-06
11852	-0.00042898	-0.000016329	-1.1666E-06	-0.0011661	-1.4924E-06	-2.1518E-06
11853	0.00037932	0.000022772	0.000002268	0.0010608	-3.2112E-06	-4.4238E-06
11853	-0.00037912	-0.00002304	-0.000001329	-0.0010594	-2.0593E-06	-2.9043E-06
11854	0.0003345	0.000024304	2.8236E-06	0.00095071	-2.8564E-06	-3.8974E-06
11854	-0.00033431	-0.00002468	-1.5002E-06	-0.00094896	-2.7055E-06	-3.7656E-06
11855	0.0002928	0.000022796	3.2735E-06	0.00083863	-2.4501E-06	-3.3291E-06
11855	-0.00029266	-0.000023268	-1.6243E-06	-0.0008367	-0.000003404	-4.7047E-06
11856	0.00025239	0.000019971	0.000003795	0.00072573	-2.0012E-06	-2.7148E-06
11856	-0.00025236	-0.000020609	-1.6125E-06	-0.00072366	-4.1257E-06	-0.00000568
11857	0.0002122	0.000016911	0.000004295	0.0006126	-1.5149E-06	-2.0523E-06
11857	-0.00021234	-0.000017725	-1.5537E-06	-0.00061049	-4.8417E-06	-6.6446E-06
11858	0.00017195	0.000013874	4.7949E-06	0.0004994	-9.9029E-07	-1.3385E-06
11858	-0.00017232	-0.000014889	-1.4222E-06	-0.00049737	-5.5272E-06	-7.5588E-06
11859	0.00013185	0.000010691	5.2912E-06	0.00038612	-4.2578E-07	-5.7253E-07
11859	-0.00013247	-0.00001193	-1.2146E-06	-0.00038413	-6.1588E-06	-8.3927E-06
11860	0.000092197	0.000007107	5.7455E-06	0.0002726	1.7586E-07	2.4171E-07
11860	-0.000093053	-0.000008572	-9.6303E-07	-0.00027066	-6.7077E-06	-9.1228E-06
11861	0.000052923	3.1961E-06	6.1348E-06	0.00015891	8.0676E-07	1.0982E-06
11861	-0.000054053	-4.9009E-06	-6.172E-07	-0.00015707	-7.1403E-06	-9.7205E-06
11862	0.000013493	-6.7284E-07	6.5778E-06	0.000045042	1.4854E-06	2.0268E-06
11862	-0.000014916	-1.2878E-06	-2.7965E-07	-0.000043339	-0.000007454	-0.000010173
11863	-0.000026123	-4.3823E-06	6.9343E-06	-0.000068957	2.2361E-06	3.0536E-06
11863	0.000024432	0.000002174	1.3131E-07	0.000070591	-0.00000766	-0.000010459
11864	-0.000065032	-0.000008618	7.2309E-06	-0.00018292	3.0559E-06	4.1527E-06
11864	0.000063128	6.1911E-06	5.3821E-07	0.00018461	-7.7522E-06	-0.00001053
11865	-0.00010208	-0.000014556	7.3337E-06	-0.00029785	3.9315E-06	5.2762E-06
11865	0.00010005	0.000011978	9.5921E-07	0.00029969	-7.7283E-06	-0.000010366
11866	-0.00013632	-0.00002327	7.2773E-06	-0.0004145	4.8313E-06	6.3628E-06
11866	0.00013432	0.000020677	1.1776E-06	0.00041669	-7.5971E-06	-0.000010001
11867	-0.00016751	-0.000034982	7.0906E-06	-0.00053269	5.6671E-06	7.3051E-06
11867	0.00016566	0.000032468	1.2798E-06	0.00053535	-7.3486E-06	-9.4711E-06
11868	-0.00019664	-0.000048506	6.5713E-06	-0.00065153	6.3287E-06	8.0064E-06
11868	0.00019506	0.000046227	1.2362E-06	0.00065459	-6.9808E-06	-8.8339E-06
11869	-0.00022607	-0.000061599	5.9352E-06	-0.00076986	6.7067E-06	8.3934E-06
11869	0.00022485	0.000059623	1.1016E-06	0.00077339	-6.5007E-06	-8.1449E-06
11870	-0.00025809	-0.000072184	5.2162E-06	-0.0008874	6.7128E-06	8.3961E-06
11870	0.00025727	0.000070529	9.5709E-07	0.00089141	-5.8963E-06	-7.3952E-06
11871	-0.00029321	-0.000079793	4.4862E-06	-0.001004	0.000006348	8.0039E-06
11871	0.00029277	0.000078449	7.5884E-07	0.0010083	-0.000005182	-6.5682E-06
11872	-0.00033067	-0.000085147	3.7588E-06	-0.0011199	5.6707E-06	7.2504E-06
11872	0.00033056	0.000084058	6.8459E-07	0.0011243	-4.3759E-06	-5.6454E-06
11873	-0.00036984	-0.00008892	3.0741E-06	-0.0012352	4.7417E-06	6.1818E-06
11873	0.00037004	0.000088055	6.7444E-07	0.0012399	-3.4671E-06	-4.5892E-06
11874	-0.00041093	-0.000091004	2.4806E-06	-0.0013502	3.6307E-06	4.8713E-06
11874	0.0004114	0.000090313	7.0554E-07	0.0013551	-2.4424E-06	-3.3728E-06
11875	-0.00045408	-0.000091294	1.9634E-06	-0.0014647	2.4166E-06	0.000003406
11875	0.00045471	0.000090709	8.2277E-07	0.0014696	-1.2969E-06	-1.9792E-06
11876	-0.00049781	-0.000091074	1.4539E-06	-0.001579	1.1642E-06	1.8556E-06
11876	0.00049865	0.000090609	9.0405E-07	0.001584	-1.8181E-08	-3.8021E-07
11877	-0.00053889	-0.000093716	1.0738E-06	-0.0016949	-6.4798E-08	2.9972E-07
11877	0.00053993	0.000093326	1.0887E-06	0.0017004	1.3915E-06	1.4173E-06
11878	-0.00057349	-0.00010315	7.869E-07	-0.0018151	-1.2407E-06	-1.1983E-06
11878	0.00057477	0.00010291	1.0048E-06	0.001821	2.9305E-06	3.3779E-06
11879	-0.00059889	-0.00012165	3.7681E-07	-0.0019396	-2.3326E-06	-2.5619E-06
11879	0.00060053	0.00012165	9.2779E-07	0.0019463	4.5604E-06	5.3992E-06
11880	-0.0006153	-0.00014913	2.9743E-07	-0.0020674	-3.3367E-06	-3.7619E-06
11880	0.00061722	0.00014931	8.8561E-07	0.0020751	6.2376E-06	7.3837E-06
11881	-0.00062701	-0.00018131	-1.2038E-07	-0.002197	-4.2645E-06	-4.8193E-06
11881	0.00062944	0.00018197	3.3581E-07	0.0022057	0.000007912	9.2759E-06
11882	-0.00064276	-0.00020974	2.484E-08	-0.0023241	-5.0579E-06	-5.7131E-06
11882	0.00064576	0.00021076	-1.8181E-07	0.0023348	9.4514E-06	0.000010998
11883	-0.00067186	-0.00022458	-3.8682E-08	-0.0024455	-5.6238E-06	-0.000006401
11883	0.00067555	0.00022601	-8.8187E-07	0.0024579	0.000010687	0.000012474
11884	-0.00071854	-0.00022172	-2.7703E-07	-0.0025602	-5.8915E-06	-6.8358E-06
11884	0.00072297	0.00022353	-1.7252E-06	0.0025737	0.000011498	0.000013636
11885	-0.00077861	-0.0002058	-4.2383E-08	-0.0026691	-5.7947E-06	-6.9043E-06
11885	0.00078401	0.00020783	-2.5299E-06	0.0026848	0.000011803	0.000014339
11886	-0.0008412	-0.00018756	-2.1454E-08	-0.002777	-5.3239E-06	-6.5077E-06
11886	0.00084781	0.00018987	-3.3584E-06	0.0027952	0.000011601	0.000014433
11887	-0.00089732	-0.0001756	2.1756E-09	-0.0028865	-4.5111E-06	-5.6194E-06
11887	0.0009051	0.00017819	-4.1461E-06	0.0029073	0.000010939	0.000013852
11888	-0.00094483	-0.00017162	-1.021E-07	-0.0029982	-3.3282E-06	-4.1927E-06
11888	0.00095397	0.00017449	-4.5538E-06	0.0030225	9.7965E-06	0.00001254
11889	-0.00098409	-0.00017457	-4.8248E-07	-0.0031104	-1.6561E-06	-2.0882E-06
11889	0.0009947	0.00017767	-4.1141E-06	0.0031393	8.0578E-06	0.000010369
11890	-0.00098019	-0.00017882	-1.7426E-06	-0.0031158	2.7434E-07	3.7238E-07
11890	0.00089285	0.00016378	-0.000003955	0.0028308	5.7315E-06	7.3752E-06
11891	-0.00097144	-0.00020173	3.7477E-06	-0.0031541	1.0923E-06	1.4018E-06
11891	0.00017906	0.000025752	2.2667E-06	0.00055135	2.7271E-06	3.4847E-06
11892	-0.00083866	-0.00021437	1.1226E-06	-0.0028503	5.2157E-07	6.5411E-07
11892	-0.00064198	-0.00017616	-1.4152E-06	-0.0022228	4.8958E-07	6.1997E-07
11893	-0.00062696	-0.00021159	6.2815E-08	-0.0022876	-1.1261E-07	-1.3084E-07
11893	-0.00073474	-0.00024563	8.325E-07	-0.0026725	-7.8676E-08	-9.2249E-08
11894	-0.00044917	-0.00018546	9.7269E-07	-0.0017382	-3.1541E-07	-3.6924E-07
11894	-0.00045335	-0.00018583	-8.607E-08	-0.0017523	-9.7097E-08	-1.1064E-07
11895	-0.00022839	-0.00010574	-1.8754E-06	-0.0009218	5.2299E-07	5.9386E-07
11895	-0.00023881	-0.00011138	-1.3346E-06	-0.00096511	-7.2622E-07	-8.2573E-07
11896	-0.000081343	-0.000038308	-7.9064E-06	-0.00034315	1.5682E-06	1.7771E-06
11896	-0.00010864	-0.000052843	-4.8884E-07	-0.00044522	-1.0026E-06	-1.1335E-06
11897	-0.00023472	-0.0001098	5.8798E-06	-0.00093669	-0.00002674	-0.000030546
11897	0.00017239	0.000081499	-0.00001518	0.00067104	0.000028718	0.000032797
11898	-0.00066802	-0.00030814	0.000099103	-0.0025056	-0.000025153	-0.000029081
11898	0.00064954	0.00030081	-0.00010499	0.0024244	0.000028515	0.000032947
11899	-0.00098739	-0.00043488	0.00012815	-0.0036757	0.000016758	0.000019118
11899	0.00097696	0.00042931	-0.00012162	0.0036433	-0.000013356	-0.00001517
11900	-0.0010907	-0.00048785	0.000097069	-0.0041621	0.000023063	0.000026421
11900	0.0010812	0.00048177	-0.000086089	0.0041385	-0.000021244	-0.00002431
11901	-0.0011027	-0.00055733	0.000066584	-0.0044517	0.000015205	0.000017139
11901	0.0010955	0.00055213	-0.000056106	0.0044361	-0.000015306	-0.000017239
11902	-0.0010723	-0.00065457	0.000047431	-0.0046856	0.000011219	0.000012322
11902	0.001067	0.00065023	-0.000038264	0.0046752	-0.000012757	-0.000013994
11903	-0.0010474	-0.00074641	0.000033456	-0.0049057	9.0746E-06	9.8297E-06
11903	0.0010443	0.00074385	-0.000029082	0.0048979	-0.000011481	-0.000012386
11904	-0.0010683	-0.00079418	0.000024199	-0.0051147	7.1585E-06	0.000007862
11904	0.0010666	0.00079283	-0.000022698	0.005109	-9.9286E-06	-0.000010785
11905	-0.0011444	-0.00078736	0.000017261	-0.0053141	4.9781E-06	5.7231E-06
11905	0.0011438	0.00078708	-0.000018308	0.00531	-7.6824E-06	-8.6123E-06
11906	-0.0012495	-0.00075236	0.000012565	-0.0055064	2.7103E-06	3.4555E-06
11906	0.0012492	0.00075245	-0.000014356	0.0055029	-5.0723E-06	-6.0364E-06
11907	-0.001336	-0.00073589	9.0514E-06	-0.0056981	2.2315E-07	8.0395E-07
11907	0.0013363	0.00073639	-0.000011302	0.0056965	-2.2424E-06	-3.0453E-06
11908	-0.0013769	-0.00076625	7.3637E-06	-0.0058986	-2.5368E-06	-2.2288E-06
11908	0.0013769	0.00076639	-0.000008013	0.0058981	6.9897E-07	1.9072E-07
11909	-0.0013804	-0.00083463	5.5352E-06	-0.0061083	-5.3572E-06	-5.2955E-06
11909	0.0013804	0.00083482	-7.0336E-06	0.0061062	3.5564E-06	3.3271E-06
11910	-0.001383	-0.00090484	5.5439E-06	-0.0063166	-7.7628E-06	-0.00000788
11910	0.0013828	0.00090486	-6.4953E-06	0.0063146	5.9906E-06	5.9687E-06
11911	-0.0014161	-0.00094444	6.4204E-06	-0.0065177	-8.7679E-06	-9.0269E-06
11911	0.0014162	0.0009446	-0.000007126	0.0065173	7.1308E-06	7.2675E-06
11912	-0.0014773	-0.00095487	7.9541E-06	-0.0067103	-7.4307E-06	-0.000007727
11912	0.0014771	0.00095487	-8.7411E-06	0.0067086	6.0454E-06	6.2307E-06
11913	-0.0015374	-0.00096368	8.9562E-06	-0.0068964	-3.5694E-06	-3.6637E-06
11913	0.0015369	0.00096344	-9.7297E-06	0.0068929	2.4957E-06	2.4975E-06
11914	-0.0011968	-0.00077008	5.5573E-06	-0.0054278	-7.0618E-06	-7.4908E-06
11914	0.0011965	0.00076988	-5.6424E-06	0.0054262	0.000006221	6.5828E-06
11915	-0.00042608	-0.00029371	3.4823E-07	-0.001991	-7.3125E-06	-7.6308E-06
11915	0.00041186	0.0002806	-4.9606E-07	0.001915	6.3575E-06	6.6403E-06
11916	-0.00000767	-5.7752E-06	2.0658E-07	-0.00003694	-9.4028E-07	-9.2268E-07
11916	-0.000036498	-0.000047172	1.3771E-07	-0.00023151	-6.7004E-07	-6.4384E-07
11917	2.6419E-06	3.3222E-06	2.7814E-07	0.000017026	-1.3389E-06	-1.2258E-06
11917	-0.000069429	-0.00011289	0.000000608	-0.00050243	-1.5009E-06	-1.3714E-06
11918	-0.000017964	-0.000046371	1.3008E-06	-0.0001738	-2.7585E-06	-2.3834E-06
11918	-0.000049467	-0.00010339	4.2959E-08	-0.00042026	-2.3117E-06	-2.0028E-06
11919	-0.00020651	-0.00067719	2.0753E-06	-0.0024012	-4.9527E-06	-4.1169E-06
11919	0.00016491	0.0005607	-4.8202E-07	0.0019722	-4.6732E-06	-3.8779E-06
11920	-0.00050619	-0.0017383	-4.3903E-06	-0.0061092	-8.3699E-06	-6.8596E-06
11920	0.00049523	0.0017034	6.5793E-06	0.0059882	-6.9107E-06	-5.6502E-06
11921	-0.00061119	-0.0021842	-0.000011839	-0.0076123	-0.000010884	-8.8958E-06
11921	0.00061171	0.0021873	0.000013464	0.0076251	-6.4477E-06	-5.2212E-06
11922	-0.00054711	-0.0021495	-0.000011049	-0.0073243	-0.000011377	-9.2165E-06
11922	0.00054732	0.0021522	0.000013086	0.0073358	-4.8226E-06	-3.8245E-06
11923	-0.00044129	-0.0021613	-0.000010075	-0.0070269	-0.00001099	-8.7319E-06
11923	0.00044156	0.0021643	0.000011446	0.0070381	-3.8772E-06	-0.000002942
11924	-0.00029114	-0.0022194	-8.4075E-06	-0.0067032	-0.00001002	-7.7089E-06
11924	0.00029122	0.0022224	9.5832E-06	0.0067136	-3.3258E-06	-2.3512E-06
11925	-0.00010425	-0.0023156	-6.1832E-06	-0.006344	-8.7502E-06	-6.4046E-06
11925	0.00010386	0.0023187	7.8939E-06	0.006354	-2.9521E-06	-1.9263E-06
11926	0.00010623	-0.0024351	-3.8404E-06	-0.0059397	-7.1566E-06	-4.9319E-06
11926	-0.00010718	0.0024382	6.2719E-06	0.0059492	-0.000002834	-1.6811E-06
11927	0.00032758	-0.0025646	-2.0416E-06	-0.0054857	-5.3774E-06	-3.4608E-06
11927	-0.00032918	0.0025674	5.5055E-06	0.0054941	-2.8968E-06	-1.5531E-06
11928	0.00054828	-0.0026935	7.0929E-08	-0.0049797	-3.6379E-06	-2.1642E-06
11928	-0.0005506	0.0026956	0.000004861	0.0049865	-3.0141E-06	-1.4647E-06
11929	0.00075749	-0.0028106	1.8224E-06	-0.0044224	-1.9361E-06	-1.1141E-06
11929	-0.00076031	0.0028116	4.4513E-06	0.0044272	-3.2652E-06	-1.3918E-06
11930	0.000945	-0.0029062	3.6707E-06	-0.0038186	-5.3687E-07	-3.8787E-07
11930	-0.00094825	0.0029057	4.4629E-06	0.0038213	-3.4554E-06	-1.2711E-06
11931	0.0011004	-0.0029695	5.1175E-06	-0.0031798	6.6113E-07	7.6488E-08
11931	-0.0011037	0.0029674	4.1037E-06	0.0031808	-3.7657E-06	-1.1547E-06
11932	0.0012154	-0.0029919	6.3834E-06	-0.0025225	1.4451E-06	2.7047E-07
11932	-0.0012185	0.0029879	4.2746E-06	0.0025221	-4.0293E-06	-0.000000989
11933	0.0012863	-0.00297	6.9762E-06	-0.0018664	1.8277E-06	0.000000301
11933	-0.0012889	0.0029638	4.6673E-06	0.0018649	-4.2597E-06	-8.0785E-07
11934	0.0013114	-0.0029027	7.4548E-06	-0.0012316	2.1177E-06	2.6182E-07
11934	-0.0013133	0.0028942	4.7451E-06	0.0012298	-4.7788E-06	-6.3326E-07
11935	0.0012942	-0.0027941	7.4856E-06	-0.00063472	2.4017E-06	-1.3479E-08
11935	-0.001295	0.0027832	4.9739E-06	0.00063329	-5.5662E-06	-2.1649E-07
11936	0.001239	-0.0026496	7.7877E-06	-0.000091894	1.5765E-06	-8.08E-08
11936	-0.001239	0.0026366	5.2075E-06	0.000091685	-0.000005396	5.1782E-08
11937	0.0011512	-0.0024733	8.3836E-06	0.0003792	9.7562E-07	1.0564E-07
11937	-0.0011506	0.0024586	4.9594E-06	-0.00037747	-5.6667E-06	1.5842E-07
11938	0.00104		-0.0022743	7.9225E-06	0.00076983	4.9542E-07	3.04E-08
11938	-0.0010388	0.0022578	5.7802E-06	-0.00076564	-6.2183E-06	6.4776E-07
11939	0.00091384	-0.0020623	7.8188E-06	0.0010789	-3.8218E-07	1.2787E-07
11939	-0.00091238	0.0020446	6.0362E-06	-0.0010719	-6.3758E-06	1.0828E-06
11940	0.00078165	-0.0018465	7.5167E-06	0.001307	-1.1612E-06	3.3102E-07
11940	-0.00078007	0.001828	6.2724E-06	-0.0012969	-6.5421E-06	1.5009E-06
11941	0.00065164	-0.0016357	7.5462E-06	0.0014574	-2.0343E-06	6.5896E-07
11941	-0.00065029	0.0016165	6.6013E-06	-0.0014442	-6.4299E-06	1.8277E-06
11942	0.00053144	-0.001437	0.000007544	0.0015338	-2.7598E-06	1.0135E-06
11942	-0.00053031	0.0014172	0.000006613	-0.0015174	-0.000006246	2.0966E-06
11943	0.0004263	-0.0012548	7.4987E-06	0.0015443	-3.4158E-06	1.3946E-06
11943	-0.00042568	0.0012347	7.0491E-06	-0.0015253	-5.8787E-06	2.2379E-06
11944	0.00033765	-0.0010911	7.6901E-06	0.0015046	-3.8548E-06	1.7226E-06
11944	-0.0003378	0.0010709	7.6909E-06	-0.0014834	-5.4673E-06	2.2883E-06
11945	0.00026314	-0.00094349	7.7897E-06	0.0014315	-0.000004213	0.000002034
11945	-0.00026389	0.00092319	7.9692E-06	-0.0014082	-0.000004886	2.2015E-06
11946	0.00019751	-0.00080677	8.2402E-06	0.0013396	-4.4339E-06	2.2899E-06
11946	-0.00019913	0.00078651	8.3915E-06	-0.0013146	-4.1926E-06	2.0281E-06
11947	0.00013703	-0.00067696	0.000008612	0.0012376	-4.4369E-06	2.4304E-06
11947	-0.00013961	0.00065694	8.7518E-06	-0.0012109	-3.4798E-06	0.000001841
11948	0.000082149	-0.00055459	8.9585E-06	0.0011259	-4.3888E-06	2.5879E-06
11948	-0.000085785	0.00053477	9.0686E-06	-0.0010971	-2.6139E-06	1.4976E-06
11949	0.000036773	-0.0004439	9.2844E-06	0.0010027	-4.0502E-06	2.5825E-06
11949	-0.000041603	0.00042446	9.4844E-06	-0.00097201	-1.9027E-06	1.1639E-06
11950	5.6566E-06	-0.00034988	9.7293E-06	0.00086701	-3.6423E-06	2.4708E-06
11950	-0.000011598	0.00033092	9.7455E-06	-0.00083505	-1.1879E-06	7.6601E-07
11951	-0.000010205	-0.00027288	0.000010139	0.00072062	-0.000003246	2.2925E-06
11951	3.4818E-06	0.00025426	9.8149E-06	-0.00068781	-4.389E-07	2.8333E-07
11952	-0.000015545	-0.0002071	0.000010455	0.00056742	-2.7965E-06	2.0256E-06
11952	0.00000826	0.00018864	0.000010026	-0.00053415	2.5734E-07	-2.0597E-07
11953	-0.000016575	-0.00014637	0.000010641	0.00041306	-2.1568E-06	1.5946E-06
11953	8.7801E-06	0.00012808	0.000010245	-0.00037935	7.7788E-07	-5.869E-07
11954	-0.000015703	-0.000089003	0.000010879	0.00026092	-1.5002E-06	0.000001142
11954	7.2021E-06	0.000071019	0.000010297	-0.00022631	1.2797E-06	-9.8425E-07
11955	-0.000010675	-0.000037422	0.000011153	0.00011039	-8.662E-07	6.8751E-07
11955	1.2156E-06	0.000019997	0.00001017	-0.000074532	1.7614E-06	-1.4189E-06
11956	0.000001016	5.6956E-06	0.000011291	-0.00003838	-1.5118E-07	1.2096E-07
11956	-0.000011465	-0.000022396	9.9916E-06	0.000075396	2.0754E-06	-1.7584E-06
11957	0.000018544	0.000041403	0.000011281	-0.00018482	4.6315E-07	-4.1406E-07
11957	-0.000029686	-0.000057434	9.7466E-06	0.00022257	2.3731E-06	-2.0851E-06
11958	0.000038921	0.000073396	0.000011177	-0.00032949	0.000001094	-9.8961E-07
11958	-0.000050424	-0.000088958	9.5157E-06	0.00036764	2.5381E-06	-2.2799E-06
11959	0.000062061	0.00010184	0.000010971	-0.00047227	1.5745E-06	-1.4554E-06
11959	-0.000073823	-0.00011691	9.2127E-06	0.00051075	2.7405E-06	-2.5087E-06
11960	0.000091809	0.00012235	0.000010778	-0.00061211	2.0667E-06	-1.9755E-06
11960	-0.00010408	-0.00013665	8.8411E-06	0.00065095	2.7932E-06	-2.6433E-06
11961	0.00013049	0.00013233	0.00001058	-0.00074736	2.4966E-06	-2.4973E-06
11961	-0.00014348	-0.00014551	8.2437E-06	0.00078656	2.7418E-06	-0.000002722
11962	0.00017228	0.00013752	0.000010235	-0.00087645	2.7574E-06	-2.8775E-06
11962	-0.0001858	-0.00014953	7.5692E-06	0.00091567	0.000002694	-2.7897E-06
11963	0.00020682	0.00014874	9.8879E-06	-0.0010019	2.9863E-06	-3.1761E-06
11963	-0.0002204	-0.00016007	7.0225E-06	0.0010409	2.5479E-06	-2.6877E-06
11964	0.00023081	0.00017067	9.2953E-06	-0.0011282	3.1034E-06	-3.2886E-06
11964	-0.00024385	-0.00018164	6.3359E-06	0.0011671	0.000002429	-2.5492E-06
11965	0.00025509	0.00019209	9.1282E-06	-0.0012547	3.1427E-06	-3.3207E-06
11965	-0.00026786	-0.00020293	6.0702E-06	0.0012932	2.3395E-06	-2.4432E-06
11966	0.00029639	0.00019564	8.8209E-06	-0.0013762	3.1813E-06	-3.4409E-06
11966	-0.00030945	-0.00020586	5.5207E-06	0.0014152	2.2362E-06	-2.3835E-06
11967	0.00036027	0.00017507	8.6566E-06	-0.0014878	3.2185E-06	-3.6662E-06
11967	-0.0003744	-0.00018424	4.9931E-06	0.0015278	2.1247E-06	-0.000002378
11968	0.0004345	0.00014243	8.1687E-06	-0.0015872	3.2247E-06	-3.8992E-06
11968	-0.0004496	-0.00015013	4.3182E-06	0.0016276	2.0015E-06	-2.3711E-06
11969	0.00049951	0.00011687	7.7901E-06	-0.0016799	3.1749E-06	-4.0126E-06
11969	-0.00051523	-0.00012339	3.5899E-06	0.0017204	0.000001848	-2.2785E-06
11970	0.00054806	0.00010655	7.1616E-06	-0.0017739	0.000003045	-3.9367E-06
11970	-0.00056379	-0.00011216	2.5663E-06	0.0018146	1.6509E-06	-2.0689E-06
11971	0.00058536	0.00010683	6.8732E-06	-0.0018716	2.8345E-06	-3.6988E-06
11971	-0.00060081	-0.00011197	1.8751E-06	0.0019118	1.4079E-06	-1.7641E-06
11972	0.00062195	0.00010762	6.4831E-06	-0.0019686	2.5712E-06	-3.3838E-06
11972	-0.00063701	-0.00011229	1.1636E-06	0.0020084	1.1384E-06	-1.4173E-06
11973	0.00066486	0.00010153	6.2132E-06	-0.0020607	0.000002281	-3.0499E-06
11973	-0.00067992	-0.00010572	0.000000634	0.0021005	8.9764E-07	-1.1108E-06
11974	0.00071546	0.000087031	6.0372E-06	-0.0021459	1.9975E-06	-2.7359E-06
11974	-0.00073071	-0.000090673	1.9683E-07	0.0021856	7.2831E-07	-8.9862E-07
11975	0.00077387	0.000063738	5.8882E-06	-0.0022224	1.7495E-06	-2.4738E-06
11975	-0.00078943	-0.000066713	-2.4018E-07	0.0022618	6.3995E-07	-7.9426E-07
11976	0.00083976	0.000031804	5.7276E-06	-0.0022884	1.5379E-06	-2.2614E-06
11976	-0.0008557	-0.000033975	-7.5337E-07	0.0023274	6.2942E-07	-7.9897E-07
11977	0.00091199	-7.8722E-06	5.6172E-06	-0.0023427	1.3507E-06	-2.0787E-06
11977	-0.00092849	6.5668E-06	-1.2329E-06	0.0023814	6.6908E-07	-8.8138E-07
11978	0.00098639	-0.000051071	5.2692E-06	-0.0023871	1.1764E-06	-1.9002E-06
11978	-0.0010033	0.000050811	-1.9868E-06	0.0024255	7.0588E-07	-9.6668E-07
11979	0.0010559	-0.000090814	5.0892E-06	-0.0024279	9.9067E-07	-1.6779E-06
11979	-0.001073	0.000091428	-2.7095E-06	0.0024655	6.9704E-07	-9.8124E-07
11980	0.0011151	-0.00012147	4.7928E-06	-0.002472	7.7424E-07	-0.000001375
11980	-0.0011323	0.00012285	-3.4791E-06	0.0025091	6.1829E-07	-8.741E-07
11981	0.0011639	-0.00014247	4.4597E-06	-0.0025223	5.2114E-07	-9.8564E-07
11981	-0.0011812	0.00014449	-4.2629E-06	0.0025595	4.7457E-07	-6.473E-07
11982	0.0012063	-0.00015789	4.4752E-06	-0.0025764	2.5887E-07	-5.6412E-07
11982	-0.0012238	0.00016021	-4.6096E-06	0.002614	2.8466E-07	-3.3496E-07
11983	0.0012489	-0.00017425	4.4444E-06	-0.0026274	2.9703E-09	-1.4414E-07
11983	-0.0012671	0.00017697	-0.000005	0.002666	1.148E-07	-4.9204E-08
11984	0.0012974	-0.00019694	4.4759E-06	-0.0026698	-0.000000222	2.3402E-07
11984	-0.0013162	0.00020004	-5.1866E-06	0.0027089	2.6412E-08	1.0389E-07
11985	0.0013536	-0.00022794	4.5875E-06	-0.0027007	-3.9574E-07	5.4185E-07
11985	-0.0013724	0.00023134	-5.2991E-06	0.0027386	5.5983E-08	5.3646E-08
11986	0.0014177	-0.00026761	4.6021E-06	-0.002717	-5.0982E-07	7.6401E-07
11986	-0.0014363	0.00027144	-5.5004E-06	0.0027531	2.0816E-07	-2.2162E-07
11987	0.0014873	-0.00031415	4.5527E-06	-0.0027183	-5.6759E-07	9.0275E-07
11987	-0.001506	0.00031856	-5.8088E-06	0.0027532	4.553E-07	-6.9588E-07
11988	0.0015592	-0.00036452	4.5617E-06	-0.0027068	-5.8425E-07	9.7853E-07
11988	-0.0015783	0.00036957	-6.1073E-06	0.0027407	7.4879E-07	-1.3012E-06
11989	0.0016298	-0.00041491	4.4145E-06	-0.002687	-5.7886E-07	0.000001019
11989	-0.0016492	0.00042072	-6.6496E-06	0.0027201	1.0313E-06	-1.9353E-06
11990	0.0016953	-0.00046171	0.000004312	-0.0026648	-5.6915E-07	1.0536E-06
11990	-0.0017149	0.00046822	-7.2425E-06	0.0026971	1.2512E-06	-2.4848E-06
11991	0.0017536	-0.00050236	4.0742E-06	-0.0026456	-5.6988E-07	1.1091E-06
11991	-0.0017732	0.00050958	-7.9916E-06	0.0026771	1.3761E-06	-2.8553E-06
11992	0.0018032	-0.00053541	3.8152E-06	-0.0026342	-5.8965E-07	1.2036E-06
11992	-0.0018227	0.00054322	-8.7426E-06	0.0026649	1.3965E-06	-2.9962E-06
11993	0.0018449	-0.00056136	0.000003666	-0.0026316	-6.279E-07	1.3356E-06
11993	-0.0018642	0.00056959	-9.3167E-06	0.0026618	1.3243E-06	-2.9129E-06
11994	0.0018821	-0.00058357	3.4379E-06	-0.0026328	-6.7752E-07	1.4933E-06
11994	-0.0019014	0.00059224	-0.000009869	0.0026626	1.1924E-06	-2.6777E-06
11995	0.0019203	-0.00060742	3.3817E-06	-0.0026286	-7.2881E-07	1.6634E-06
11995	-0.0019395	0.00061631	-0.000010127	0.0026578	1.0423E-06	-2.3965E-06
11996	0.0019632	-0.00063671	3.3561E-06	-0.0026107	-7.7769E-07	1.8449E-06
11996	-0.0019823	0.00064578	-0.000010216	0.0026389	9.1128E-07	-2.1632E-06
11997	0.0020093	-0.00067007	3.2673E-06	-0.0025798	-8.3636E-07	2.0696E-06
11997	-0.0020286	0.00067951	-0.000010271	0.0026075	8.2509E-07	-2.0391E-06
11998	0.0020512	-0.00070022	3.1585E-06	-0.0025508	-9.1915E-07	2.3627E-06
11998	-0.0020708	0.00070996	-0.00001028	0.0025781	7.9083E-07	-2.0343E-06
11999	0.0020847	-0.00072262	3.0963E-06	-0.0025354	-1.0307E-06	2.7268E-06
11999	-0.0021039	0.00073233	-0.000010218	0.0025615	8.2453E-07	-2.1914E-06
12000	0.0021188	-0.00074658	3.4039E-06	-0.0025132	-0.000001141	3.1135E-06
12000	-0.0021378	0.00075601	-9.8329E-06	0.0025381	9.4615E-07	-2.5986E-06
12001	0.0021671	-0.00078576	3.4511E-06	-0.002449	-1.2007E-06	3.4531E-06
12001	-0.0021865	0.00079548	-0.000009668	0.0024731	1.1414E-06	-3.2986E-06
12002	0.0022311	-0.00084244	3.8075E-06	-0.0023294	-0.0000012	3.7544E-06
12002	-0.0022511	0.00085251	-0.000009567	0.0023522	1.3487E-06	-0.000004214
12003	0.0022939	-0.0008996	3.6983E-06	-0.0021901	-1.1769E-06	4.0618E-06
12003	-0.0023141	0.00091033	-0.000010088	0.0022113	1.4835E-06	-5.0627E-06
12004	0.0023343	-0.00093588	3.3409E-06	-0.0020952	-1.2093E-06	4.4826E-06
12004	-0.0023543	0.00094729	-0.000010934	0.0021153	1.5271E-06	-5.5719E-06
12005	0.0023505	-0.00094905	3.0644E-06	-0.0020641	-1.3132E-06	5.0149E-06
12005	-0.0023699	0.00096085	-0.000011915	0.0020836	1.4746E-06	-5.5847E-06
12006	0.0023602	-0.00095628	3.0561E-06	-0.0020495	-1.4303E-06	5.5655E-06
12006	-0.0023789	0.00096817	-0.00001262	0.0020684	1.3223E-06	-5.1914E-06
12007	0.0023796	-0.00097439	3.5832E-06	-0.0019958	-1.4805E-06	6.0193E-06
12007	-0.0023987	0.00098634	-0.000012792	0.0020143	1.0772E-06	-4.5515E-06
12008	0.0024086	-0.0010032	3.7175E-06	-0.0018965	-1.4463E-06	6.3394E-06
12008	-0.0024288	0.0010159	-0.000013331	0.0019148	7.672E-07	-3.7142E-06
12009	0.0024332	-0.0010287	3.8683E-06	-0.0017992	-1.3893E-06	6.5751E-06
12009	-0.0024541	0.0010421	-0.000013839	0.001817	4.1496E-07	-2.5871E-06
12010	0.0024438	-0.0010408	3.9324E-06	-0.0017463	-1.3768E-06	6.8119E-06
12010	-0.0024643	0.0010543	-0.000014344	0.0017633	2.834E-08	-1.1246E-06
12011	0.0024454	-0.0010447	4.1851E-06	-0.0017222	-1.3914E-06	7.0334E-06
12011	-0.002466	0.0010582	-0.000014536	0.001739	-3.9471E-07	6.0602E-07
12012	0.0024481	-0.0010504	4.5658E-06	-0.001687	-1.3822E-06	0.000007191
12012	-0.0024699	0.0010643	-0.000014435	0.0017042	-8.1671E-07	2.4228E-06
12013	0.0024567	-0.0010627	5.1509E-06	-0.0016209	-1.3204E-06	7.2484E-06
12013	-0.0024795	0.0010766	-0.000014005	0.0016378	-1.1844E-06	4.1767E-06
12014	0.0024682	-0.0010788	5.7531E-06	-0.0015305	-1.2183E-06	7.2154E-06
12014	-0.0024917	0.0010926	-0.000013473	0.0015466	-1.4699E-06	5.7991E-06
12015	0.0024768	-0.001093	6.1056E-06	-0.0014372	-1.1055E-06	7.1057E-06
12015	-0.0025016	0.0011071	-0.000013098	0.0014529	-1.6861E-06	7.2977E-06
12016	0.0024807	-0.0011036	0.00000649	-0.0013501	-9.9723E-07	6.9415E-06
12016	-0.002507	0.0011181	-0.000012609	0.0013655	-1.8473E-06	8.6713E-06
12017	0.0024822	-0.0011128	6.8866E-06	-0.0012598	-8.8199E-07	6.7087E-06
12017	-0.0025097	0.0011275	-0.000012065	0.0012746	-1.9495E-06	9.9255E-06
12018	0.0024823	-0.0011218	0.000007232	-0.0011574	-7.5356E-07	6.3998E-06
12018	-0.0025109	0.0011367	-0.000011531	0.0011714	-0.000001982	0.000011058
12019	0.0024791	-0.0011287	7.3424E-06	-0.0010502	-6.2407E-07	6.0252E-06
12019	-0.0025093	0.0011442	-0.000011135	0.0010635	-0.000001959	0.00001208
12020	0.0024707	-0.0011315	7.3708E-06	-0.00095492	-5.1112E-07	5.6015E-06
12020	-0.0025023	0.0011475	-0.000010718	0.00096753	-1.9165E-06	0.000013014
12021	0.0024571	-0.0011301	7.3303E-06	-0.0008777	-4.1955E-07	5.1408E-06
12021	-0.0024898	0.0011464	-0.000010227	0.00088969	-1.8728E-06	0.000013853
12022	0.0024404	-0.0011264	7.2093E-06	-0.00080526	-3.3909E-07	4.6506E-06
12022	-0.0024743	0.0011431	-9.6376E-06	0.00081669	-1.8037E-06	0.00001455
12023	0.0024219	-0.001122	6.9881E-06	-0.00072391	-2.6364E-07	4.1548E-06
12023	-0.0024574	0.0011393	-8.9441E-06	0.00073469	-1.6795E-06	0.000015043
12024	0.0024012	-0.0011162	6.5472E-06	-0.00063934	-2.012E-07	3.7013E-06
12024	-0.002438	0.001134	-8.2497E-06	0.00064928	-1.5144E-06	0.000015302
12025	0.0023767	-0.0011075	6.0001E-06	-0.00056775	-1.6267E-07	3.3501E-06
12025	-0.0024146	0.0011258	-0.000007466	0.00057689	-1.3511E-06	0.000015325
12026	0.0023485	-0.0010959	5.3134E-06	-0.00051652	-1.5112E-07	3.1624E-06
12026	-0.0023875	0.0011147	-0.000006595	0.00052518	-0.000001212	0.000015095
12027	0.0023178	-0.0010825	4.4707E-06	-0.00047721	-1.6049E-07	3.1844E-06
12027	-0.0023583	0.0011019	-5.6844E-06	0.00048561	-1.0807E-06	0.000014568
12028	0.0022864	-0.0010688	3.7032E-06	-0.00043232	-1.8038E-07	3.4589E-06
12028	-0.0023279	0.0010886	-4.5655E-06	0.00044021	-9.2184E-07	0.000013698
12029	0.002254	-0.001055	2.8711E-06	-0.0003726	-2.0068E-07	4.0128E-06
12029	-0.0022964	0.0010751	-3.4957E-06	0.00037963	-7.2718E-07	0.000012495
12030	0.0022193	-0.00104	1.9451E-06	-0.00030549	-2.1437E-07	4.8299E-06
12030	-0.0022629	0.0010607	-0.000002554	0.0003115	-5.2971E-07	0.000011063
12031	0.0021815	-0.0010232	1.1466E-06	-0.00024398	-2.1894E-07	5.8339E-06
12031	-0.0022262	0.0010444	-1.6408E-06	0.00024899	-3.6737E-07	0.000009585
12032	0.0021408	-0.0010047	4.6738E-07	-0.0001929	-2.1275E-07	6.8914E-06
12032	-0.0021865	0.0010263	-8.6167E-07	0.00019702	-2.5204E-07	8.2941E-06
12033	0.0020974	-0.0009847	-3.8614E-08	-0.0001473	-1.8913E-07	7.8174E-06
12033	-0.0021442	0.0010068	-2.6049E-07	0.00015058	-1.743E-07	7.4446E-06
12034	0.0018613	-0.00087414	-2.6286E-07	-0.000094423	-1.4093E-07	8.2378E-06
12034	-0.0020148	0.00094627	2.0118E-07	0.00010089	-1.1681E-07	7.0612E-06
12035	0.00074369	-0.00034949	2.2083E-07	-0.000030348	-7.3833E-08	6.7907E-06
12035	-0.0016967	0.00079723	-5.0623E-08	0.000052361	-6.2998E-08	6.0063E-06
12036	-0.00071144	0.00033404	6.1648E-07	9.0673E-06	-2.3905E-08	3.9818E-06
12036	-0.0012532	0.00058894	-6.0033E-08	0.000021317	-2.3542E-08	3.9567E-06
12037	-0.0012135	0.00056991	7.8591E-07	8.4802E-06	-5.4249E-09	1.5969E-06
12037	-0.0010663	0.00050083	6.1623E-07	7.0073E-06	-5.8428E-09	1.6908E-06
12038	-0.001032	0.00048462	8.024E-07	-0.000004079	-3.6795E-09	-6.3297E-07
12038	-0.001036	0.00048647	8.1479E-07	-4.4663E-06	-3.6936E-09	-6.6944E-07
12039	-0.00078377	0.0003676	1.5037E-06	-0.000012945	-2.3255E-08	-3.3943E-06
12039	-0.00076882	0.00036066	1.3254E-06	-0.00001224	-2.3226E-08	-0.000003397
12040	-0.00051402	0.00024057	2.0254E-06	-0.000013461	-7.2257E-08	-0.000007406
12040	-0.00040876	0.00019131	1.6225E-06	-0.000010515	-6.9765E-08	-7.1466E-06
12041	0.000067947	-0.000031619	-6.2805E-07	0.000003834	-1.4972E-07	-0.000012364
12041	-0.00038709	0.00018064	0.000002615	-0.000013984	-1.5401E-07	-0.000012667
12042	0.00079573	-0.00036945	-9.2466E-06	0.000036373	-1.8768E-07	-0.000012865
12042	-0.000749	0.00034859	6.9466E-06	-0.000033894	-2.5589E-07	-0.000017037
12043	0.0010776	-0.0005		-0.000013103	0.000057147	-1.5518E-07	-9.0538E-06
12043	-0.00094478	0.00044115	5.5406E-06	-0.000050194	-3.5509E-07	-0.000019189
12044	0.001038	-0.00048053	-0.000014733	0.000062436	-9.8753E-08	-5.6808E-06
12044	-0.00090417	0.00042345	2.4685E-06	-0.000054581	-4.5332E-07	-0.000021265
12045	0.00099297	-0.00045921	-0.000014984	0.000065531	-3.3049E-08	-2.8037E-06
12045	-0.00085965	0.00040372	-1.6656E-07	-0.000057006	-5.4772E-07	-0.000023065
12046	0.00094688	-0.00043777	-0.000014422	0.00006712	3.4138E-08	-4.1732E-07
12046	-0.0008148	0.00038357	-2.1986E-06	-0.000058087	-6.3503E-07	-0.000024546
12047	0.00090041	-0.00041639	-0.000013394	0.000067792	1.005E-07	1.5982E-06
12047	-0.00076965	0.00036317	-4.0016E-06	-0.000058317	-7.1618E-07	-0.000025732
12048	0.00085412	-0.00039515	-0.000012208	0.000068536	1.6706E-07	3.3632E-06
12048	-0.00072456	0.00034275	-0.000005687	-0.000058548	-7.9867E-07	-0.000026646
12049	0.0008085	-0.00037424	-0.00001098	0.000069718	2.374E-07	5.0009E-06
12049	-0.00068003	0.00032253	-7.2722E-06	-0.000059091	-8.8692E-07	-0.000027336
12050	0.00076399	-0.00035382	-0.000009822	0.000071187	3.1526E-07	6.6148E-06
12050	-0.00063638	0.00030267	-8.7511E-06	-0.000059795	-9.8056E-07	-0.000027842
12051	0.00072096	-0.00033402	-0.000008779	0.000073103	4.0537E-07	8.2788E-06
12051	-0.0005939	0.0002833	-0.000010119	-0.000060773	-1.0829E-06	-0.000028198
12052	0.00067981	-0.00031499	-7.8909E-06	0.000075983	5.1494E-07	0.000010035
12052	-0.00055308	0.00026464	-0.000011399	-0.000062442	-1.2026E-06	-0.000028431
12053	0.00064099	-0.00029697	-7.1694E-06	0.00007937	6.4668E-07	0.00001189
12053	-0.0005145	0.00024696	-0.000012548	-0.000064419	-1.3347E-06	-0.000028557
12054	0.00060465	-0.00028005	-6.6091E-06	0.000081435	7.9071E-07	0.000013837
12054	-0.00047834	0.0002304	-0.00001362	-0.000065227	-1.4507E-06	-0.000028589
12055	0.00057027	-0.00026406	-6.1878E-06	0.000080641	9.2945E-07	0.000015867
12055	-0.00044406	0.00021471	-0.000014565	-0.00006367	-1.5217E-06	-0.000028541
12056	0.00053698	-0.00024861	-5.8432E-06	0.000076892	1.0503E-06	0.000017982
12056	-0.00041082	0.00019952	-0.000015392	-0.000059744	-1.5402E-06	-0.000028424
12057	0.00050398	-0.00023331	-5.5659E-06	0.000071641	1.1583E-06	0.000020193
12057	-0.00037787	0.00018443	-0.000016075	-0.000054647	-1.5268E-06	-0.000028239
12058	0.00047093	-0.00021797	-5.2705E-06	0.000067014	1.2792E-06	0.000022526
12058	-0.00034493	0.00016926	-0.000016604	-0.000050018	-1.5201E-06	-0.000027987
12059	0.0004386	-0.00020289	-4.9882E-06	0.0000656	1.4683E-06	0.000024986
12059	-0.00031278	0.00015434	-0.000017009	-0.000047745	-1.5759E-06	-0.00002766
12060	0.00040879	-0.00018883	-4.7393E-06	0.000068801	1.7824E-06	0.000027546
12060	-0.00028326	0.00014055	-0.000017399	-0.000048747	-1.7326E-06	-0.000027277
12061	0.00038331	-0.00017667	-4.6076E-06	0.000074198	2.1943E-06	0.000030138
12061	-0.00025809	0.00012878	-0.000017856	-0.000051221	-1.9419E-06	-0.000026869
12062	0.00036266	-0.00016677	-4.5639E-06	0.000078105	2.6058E-06	0.000032675
12062	-0.00023769	0.00011933	-0.000018415	-0.000052648	-2.1155E-06	-0.000026483
12063	0.00034564	-0.00015867	-4.5895E-06	0.000078274	2.9163E-06	0.000035077
12063	-0.00022087	0.00011169	-0.000019034	-0.000051612	-2.1945E-06	-0.000026154
12064	0.00032998	-0.00015141	-4.5462E-06	0.000074617	3.0883E-06	0.000037318
12064	-0.00020538	0.00010477	-0.000019652	-0.000048083	-2.1759E-06	-0.000025895
12065	0.00031387	-0.00014406	-0.000004381	0.000069405	0.000003186	0.000039399
12065	-0.00018945	0.000097637	-0.000020166	-0.000043519	-2.1186E-06	-0.00002568
12066	0.00029696	-0.00013636	-4.0867E-06	0.0000647	3.2921E-06	0.000041368
12066	-0.00017277	0.000090114	-0.000020628	-0.000039254	-0.000002079	-0.000025515
12067	0.00027969	-0.0001285	-3.7029E-06	0.000060984	3.4354E-06	0.000043239
12067	-0.00015586	0.000082432	-0.000021042	-0.000035597	-2.0697E-06	-0.000025379
12068	0.00026269	-0.00012077	-3.2356E-06	0.000058191	3.6221E-06	0.000045028
12068	-0.00013932	0.000074916	-0.000021476	-0.000032502	-2.0894E-06	-0.000025268
12069	0.00024647	-0.0001134	-2.7411E-06	0.000055734	3.8225E-06	0.000046739
12069	-0.0001236	0.000067801	-0.000021965	-0.000029635	-2.1196E-06	-0.000025184
12070	0.00023094	-0.00010641	-2.2098E-06	0.000052637	3.9737E-06	0.000048377
12070	-0.00010849	0.000061016	-0.0000225	-0.000026451	-2.1261E-06	-0.000025123
12071	0.00021543	-0.000099492	-1.6109E-06	0.000048669	4.0551E-06	0.000049944
12071	-0.000093373	0.000054242	-0.000023038	-0.000022822	-2.0991E-06	-0.000025072
12072	0.00019954	-0.000092451	-8.9332E-07	0.000044722	4.1341E-06	0.000051457
12072	-0.000077911	0.000047295	-0.000023552	-0.000019181	-2.0724E-06	-0.000025019
12073	0.0001837	-0.000085423	-1.0834E-07	0.000041765	4.2961E-06	0.000052917
12073	-0.000062557	0.000040388	-0.000024079	-0.000015967	-2.0853E-06	-0.000024948
12074	0.00016883	-0.000078814	6.6058E-07	0.000039716	4.5384E-06	0.00005432
12074	-0.000048168	0.000033972	-0.000024712	-0.000013162	-2.1349E-06	-0.000024863
12075	0.00015544	-0.000072866	1.3672E-06	0.000037786	4.7785E-06	0.000055659
12075	-0.000035171	0.000028276	-0.000025484	-0.000010501	-2.1842E-06	-0.000024786
12076	0.00014307	-0.000067422	2.0463E-06	0.000035214	4.9235E-06	0.000056927
12076	-0.000023125	0.000023087	-0.000026367	-7.7516E-06	-2.1947E-06	-0.000024737
12077	0.0001307	-0.000062043	2.7986E-06	0.000031834	4.9527E-06	0.00005812
12077	-0.000011046	0.000017894	-0.000027255	-0.000004819	-2.1582E-06	-0.000024708
12078	0.00011756	-0.000056379	3.6867E-06	0.000028172	4.9426E-06	0.00005924
12078	1.7488E-06	0.00001233	-0.000028069	-1.7605E-06	-0.000002106	-0.000024667
12079	0.00010372	-0.000050424	4.6901E-06	0.000024713	4.9688E-06	0.00006029
12079	0.000015182	6.4426E-06	-0.000028833	1.3507E-06	-2.0684E-06	-0.000024601
12080	0.000089588	-0.000044352	5.7496E-06	0.00002144	5.0258E-06	0.00006128
12080	0.000028864	4.3823E-07	-0.000029599	0.000004483	-2.0423E-06	-0.000024502
12081	0.000075308	-0.000038231	6.8555E-06	0.000018124	5.0672E-06	0.000062213
12081	0.000042687	-5.6263E-06	-0.000030379	0.00000761	-2.0073E-06	-0.000024356
12082	0.000060787	-0.00003203	0.000008026	0.000014748	0.000005092	0.000063088
12082	0.000056723	-0.000011803	-0.000031135	0.000010746	-1.9618E-06	-0.00002415
12083	0.000046286	-0.000025864	9.2681E-06	0.000011545	5.1714E-06	0.000063907
12083	0.00007069	-0.000017946	-0.000031883	0.000014012	-0.000001933	-0.000023887
12084	0.000032584	-0.000020032	0.000010444	8.6853E-06	5.3662E-06	0.000064659
12084	0.000083853	-0.000023654	-0.00003272	0.000017523	-1.9427E-06	-0.000023556
12085	0.000020665	-0.000014918	0.000011382	6.2023E-06	5.6745E-06	0.000065336
12085	0.000095305	-0.000028431	-0.000033788	0.000021209	-1.9903E-06	-0.000023166
12086	0.000011365	-0.000010863	0.000011968	4.1583E-06	6.0512E-06	0.000065939
12086	0.0001043	-0.000031876	-0.000035214	0.000024759	-2.0658E-06	-0.000022793
12087	4.8182E-06	-7.9125E-06	0.000012164	2.5712E-06	6.3883E-06	0.000066477
12087	0.0001108	-0.00003396	-0.000037058	0.000027634	-2.1407E-06	-0.000022519
12088	2.0258E-07	-0.00000573	0.000012071	1.3187E-06	6.5868E-06	0.000066947
12088	0.00011559	-0.000035136	-0.000039208	0.000029514	-0.000002186	-0.000022379
12089	-3.7084E-06	-0.000003834	0.000011887	1.9345E-07	6.6234E-06	0.000067352
12089	0.00011981	-0.000036032	-0.000041465	0.000030533	-2.1974E-06	-0.000022409
12090	-8.0876E-06	-0.000001773	0.000011815	-1.0338E-06	6.5218E-06	0.000067693
12090	0.0001245	-0.000037216	-0.000043639	0.000031057	-2.1807E-06	-0.000022615
12091	-0.000013645	7.3184E-07	0.000011966	-2.5119E-06	6.3779E-06	0.000067945
12091	0.00013021	-0.00003899	-0.000045585	0.000031689	-2.1602E-06	-0.000022941
12092	-0.000020184	3.6094E-06	0.000012294	-4.2199E-06	0.000006295	0.000068097
12092	0.00013674	-0.000041211	-0.000047346	0.000032879	-0.000002169	-0.000023368
12093	-0.000027035	6.6146E-06	0.000012657	-6.0434E-06	6.2848E-06	0.000068142
12093	0.00014351	-0.000043538	-0.000049075	0.000034559	-2.2142E-06	-0.000023895
12094	-0.000033749	9.5873E-06	0.000012949	-7.8723E-06	6.2963E-06	0.000068083
12094	0.00015015	-0.00004577	-0.000050864	0.000036384	-2.2806E-06	-0.00002452
12095	-0.000040223	0.000012483	0.000013165	-9.6519E-06	6.2925E-06	0.000067921
12095	0.00015658	-0.000047874	-0.000052717	0.000038131	-2.3564E-06	-0.00002525
12096	-0.000046489	0.000015314	0.000013315	-0.000011391	6.2747E-06	0.000067654
12096	0.00016283	-0.000049871	-0.000054622	0.000039817	-2.4427E-06	-0.000026092
12097	-0.000052545	0.000018083	0.000013387	-0.0000131	6.2496E-06	0.000067281
12097	0.0001689	-0.000051756	-0.000056585	0.000041484	-2.5435E-06	-0.000027056
12098	-0.00005848	0.00002084	0.00001337	-0.00001473	6.1871E-06	0.000066803
12098	0.00017489	-0.00005358	-0.000058618	0.000042951	-2.6474E-06	-0.000028153
12099	-0.000064739	0.000023757	0.000013353	-0.00001624	6.0368E-06	0.000066218
12099	0.00018119	-0.000055591	-0.000060614	0.000043948	-2.7281E-06	-0.00002938
12100	-0.000071874	0.000027011	0.000013504	-0.000017767	5.8199E-06	0.000065513
12100	0.00018824	-0.000058065	-0.000062415	0.000044712	-2.7863E-06	-0.000030715
12101	-0.000079879	0.000030567	0.000013865	-0.000019571	5.6315E-06	0.000064664
12101	0.00019603	-0.000060979	-0.000063975	0.00004595	-2.8643E-06	-0.000032153
12102	-0.000088113	0.000034197	0.000014258	-0.00002179	0.000005536	0.00006365
12102	0.00020401	-0.000063973	-0.000065466	0.000048099	-3.0014E-06	-0.000033684
12103	-0.000095787	0.000037671	0.000014391	-0.000024271	5.5103E-06	0.000062468
12103	0.00021152	-0.000066615	-0.000067165	0.000050905	-3.1994E-06	-0.000035303
12104	-0.0001027	0.000040971	0.00001416	-0.000026442	5.4241E-06	0.000061136
12104	0.00021849	-0.000068876	-0.000069172	0.000053198	-3.3939E-06	-0.000037055
12105	-0.00010985	0.000044449	0.000013858	-0.000027849	5.1541E-06	0.000059659
12105	0.00022576	-0.000071355	-0.000071189	0.000053931	-3.4964E-06	-0.000038954
12106	-0.00011854	0.000048501	0.000013937	-0.000028865	4.7515E-06	0.000058016
12106	0.00023435	-0.000074708	-0.000072767	0.000053686	-3.5092E-06	-0.000040965
12107	-0.00012895	0.0000531	0.000014529	-0.000030489	4.4001E-06	0.000056165
12107	0.00024428	-0.000078932	-0.000073758	0.000054358	-3.5483E-06	-0.00004305
12108	-0.00013991	0.000057872	0.0000152	-0.000033281	4.1974E-06	0.000054065
12108	0.00025463	-0.000083341	-0.00007459	0.000057045	-3.7108E-06	-0.000045185
12109	-0.00015028	0.000062523	0.000015482	-0.000036567	4.0443E-06	0.000051716
12109	0.00026456	-0.000087378	-0.000075707	0.00006062	-3.9497E-06	-0.000047387
12110	-0.00016004	0.00006708	0.000015389	-0.000039348	3.8095E-06	0.000049124
12110	0.00027411	-0.000091135	-0.0000771	0.0000634	-4.1561E-06	-0.00004968
12111	-0.00016989	0.000071766	0.000015193	-0.000041437	3.4736E-06	0.000046284
12111	0.00028384	-0.000095038	-0.000078476	0.000065058	-4.2914E-06	-0.000052073
12112	-0.00018034	0.00007669	0.00001509	-0.000043418	3.0998E-06	0.000043188
12112	0.00029408	-0.000099298	-0.000079636	0.000066506	-4.4045E-06	-0.000054564
12113	-0.00019109	0.000081735	0.000014985	-0.000046077	2.7553E-06	0.000039821
12113	0.00030458	-0.0001037	-0.00008066	0.000068961	-4.5843E-06	-0.000057143
12114	-0.00020137	0.000086662	0.000014566	-0.000049609	2.4438E-06	0.000036167
12114	0.00031475	-0.0001078	-0.00008185	0.000072739	-4.8732E-06	-0.000059817
12115	-0.00021059	0.000091335	0.000013598	-0.0000534	2.1121E-06	0.000032214
12115	0.00032419	-0.00011136	-0.000083419	0.000076952	-5.2273E-06	-0.000062608
12116	-0.0002188	0.0000958	0.000012075	-0.000056791	1.7186E-06	0.000027961
12116	0.00033296	-0.00011444	-0.000085381	0.000080639	-5.5829E-06	-0.000065543
12117	-0.00022638	0.00010019	0.000010147	-0.000059599	1.2583E-06	0.000023397
12117	0.00034135	-0.00011726	-0.000087572	0.000083528	-5.9121E-06	-0.000068641
12118	-0.0002337	0.0001046	0.000007935	-0.000061975	7.431E-07	0.000018507
12118	0.00034968	-0.00012003	-0.00008988	0.000085824	-6.2194E-06	-0.000071911
12119	-0.00024103	0.00010914	5.5148E-06	-0.000064066	1.8244E-07	0.000013267
12119	0.00035814	-0.00012287	-0.000092216	0.000087728	-6.5103E-06	-0.000075352
12120	-0.0002486	0.00011386	0.00000296	-0.000065917	-4.1835E-07	7.6536E-06
12120	0.00036694	-0.0001259	-0.00009451	0.000089288	-6.7796E-06	-0.000078961
12121	-0.00025663	0.00011884	3.4346E-07	-0.00006763	-1.0536E-06	1.6438E-06
12121	0.00037621	-0.00012922	-0.000096689	0.000090636	-7.0293E-06	-0.000082725
12122	-0.00026524	0.0001241	-2.2961E-06	-0.000069307	-1.7196E-06	-4.7909E-06
12122	0.00038605	-0.00013289	-0.000098712	0.000091906	-7.2633E-06	-0.000086629
12123	-0.00027458	0.00012972	-4.9331E-06	-0.000070895	-2.4127E-06	-0.000011677
12123	0.0003966	-0.00013699	-0.00010055	0.000093024	-7.4692E-06	-0.000090654
12124	-0.0002848	0.00013573	-7.5114E-06	-0.000072325	-3.1267E-06	-0.000019046
12124	0.00040799	-0.00014161	-0.00010215	0.000093903	-7.6314E-06	-0.000094778
12125	-0.00029612	0.00014223	-9.9807E-06	-0.000073481	-0.00000385	-0.000026928
12125	0.00042045	-0.0001469	-0.00010345	0.000094406	-7.7278E-06	-0.000098971
12126	-0.00030879	0.00014928	-0.000012243	-0.000074287	-4.5679E-06	-0.000035346
12126	0.00043421	-0.00015301	-0.00010435	0.000094448	-7.7404E-06	-0.0001032
12127	-0.00032292	0.00015686	-0.000014204	-0.000075463	-5.2986E-06	-0.000044284
12127	0.00044918	-0.00015992	-0.00010474	0.000094927	-7.7462E-06	-0.00010744
12128	-0.00033808	0.00016483	-0.000016069	-0.000078033	-6.0983E-06	-0.000053678
12128	0.00046488	-0.00016722	-0.00010486	0.000097103	-7.8745E-06	-0.00011171
12129	-0.00035351	0.00017292	-0.000018067	-0.000082292	-7.0258E-06	-0.000063615
12129	0.00048073	-0.00017456	-0.0001049	0.00010136	-8.1732E-06	-0.00011594
12130	-0.00036863	0.000181	-0.000020414	-0.000087385	-8.0745E-06	-0.000074241
12130	0.00049646	-0.00018172	-0.00010506	0.00010665	-8.5562E-06	-0.00012004
12131	-0.00038367	0.00018925	-0.00002314	-0.000091512	-9.1328E-06	-0.000085649
12131	0.00051228	-0.00018892	-0.00010538	0.00011073	-0.000008821	-0.00012397
12132	-0.00039938	0.00019797	-0.000025983	-0.000093543	-0.000010087	-0.000097972
12132	0.00052897	-0.00019667	-0.00010559	0.00011226	-0.000008823	-0.00012768
12133	-0.0004166	0.00020738	-0.000028633	-0.00009355	-0.000010887	-0.0001113
12133	0.00054729	-0.00020551	-0.00010535	0.00011139	-8.5478E-06	-0.00013105
12134	-0.00043599	0.0002177	-0.000030928	-0.000092307	-0.000011536	-0.00012548
12134	0.00056759	-0.00021562	-0.00010451	0.00010901	-8.0789E-06	-0.00013415
12135	-0.00045766	0.00022887	-0.000032801	-0.000091818	-0.000012197	-0.00014034
12135	0.00058969	-0.00022684	-0.00010302	0.00010751	-7.6347E-06	-0.00013706
12136	-0.00048086	0.00024054	-0.000034432	-0.000093971	-0.000013093	-0.00015584
12136	0.00061299	-0.00023873	-0.00010106	0.00010914	-7.4144E-06	-0.00013971
12137	-0.0005047	0.00025246	-0.000036112	-0.000098409	-0.000014247	-0.00017205
12137	0.00063684	-0.00025089	-0.000098894	0.00011346	-7.3834E-06	-0.00014201
12138	-0.00052894	0.00026464	-0.000037955	-0.00010297	-0.000015453	-0.00018915
12138	0.00066107	-0.00026326	-0.000096641	0.00011793	-7.3304E-06	-0.00014384
12139	-0.00055408	0.00027735	-0.000039848	-0.00010524	-0.000016412	-0.0002073
12139	0.00068618	-0.00027623	-0.000094195	0.00011972	-7.0281E-06	-0.0001451
12140	-0.00058091	0.00029087	-0.000041586	-0.00010476	-0.000017009	-0.00022652
12140	0.00071281	-0.0002902	-0.000091362	0.00011833	-0.000006449	-0.00014575
12141	-0.00060969	0.00030521	-0.000043094	-0.00010387	-0.000017501	-0.00024663
12141	0.00074108	-0.00030516	-0.000088059	0.00011651	-5.8147E-06	-0.00014586
12142	-0.00064004	0.00032014	-0.000044431	-0.00010501	-0.000018219	-0.00026755
12142	0.00077067	-0.00032086	-0.000084377	0.00011703	-5.3269E-06	-0.00014539
12143	-0.00067144	0.0003355	-0.000045723	-0.00010771	-0.000019133	-0.00028934
12143	0.00080118	-0.00033706	-0.000080421	0.00011934	-4.9399E-06	-0.00014422
12144	-0.00070396	0.00035141	-0.000046986	-0.00010914	-0.000019848	-0.00031213
12144	0.00083265	-0.00035387	-0.000076213	0.00012025	-4.4467E-06	-0.00014224
12145	-0.00073813	0.0003681	-0.000048136	-0.00010782	-0.000020112	-0.0003359
12145	0.00086554	-0.00037156	-0.000071709	0.00011809	-3.7688E-06	-0.00013942
12146	-0.00077409	0.00038558	-0.000049115	-0.00010594	-0.00002022	-0.00036049
12146	0.00089999	-0.00039014	-0.000066884	0.00011537	-3.0769E-06	-0.00013581
12147	-0.00081148	0.00040359	-0.000049949	-0.00010646	-0.000020635	-0.00038577
12147	0.00093565	-0.00040934	-0.000061812	0.00011536	-2.5511E-06	-0.00013136
12148	-0.00084974	0.0004219	-0.000050684	-0.00010961	-0.000021429	-0.0004118
12148	0.00097198	-0.00042888	-0.00005654	0.0001183	-2.1801E-06	-0.00012594
12149	-0.00088862	0.00044042	-0.000051288	-0.00011354	-0.000022332	-0.00043885
12149	0.0010087	-0.00044866	-0.000051081	0.00012212	-1.8441E-06	-0.00011924
12150	-0.00092837	0.0004593	-0.000051697	-0.00011569	-0.000022922	-0.00046718
12150	0.001046	-0.00046885	-0.000045469	0.00012401	-1.4236E-06	-0.00011094
12151	-0.00096948	0.00047876	-0.000051831	-0.00011433	-0.000022879	-0.00049699
12151	0.0010844	-0.00048967	-0.000039709	0.00012212	-8.8181E-07	-0.00010079
12152	-0.0010124	0.00049898	-0.000051664	-0.00010946	-0.000022152	-0.00052826
12152	0.0011241	-0.00051127	-0.000033816	0.00011646	-2.8207E-07	-0.00008868
12153	-0.0010572	0.00051998	-0.000051121	-0.00010244	-0.000020937	-0.00056084
12153	0.0011655	-0.00053369	-0.000027839	0.00010859	2.6872E-07	-0.000074592
12154	-0.0011042	0.00054175	-0.000050111	-0.000094404	-0.000019404	-0.00059445
12154	0.0012085	-0.00055691	-0.000021836	0.000099738	6.9216E-07	-0.000058555
12155	-0.0011533	0.00056426	-0.00004855	-0.000085362	-0.00001754	-0.00062879
12155	0.0012531	-0.00058086	-0.000015864	0.000089931	9.4856E-07	-0.000040661
12156	-0.0012046	0.00058741	-0.000046317	-0.000076188	-0.000015495	-0.00066358
12156	0.0012992	-0.00060543	-9.9811E-06	0.00008011	9.9743E-07	-0.00002098
12157	-0.0012578	0.00061108	-0.000043257	-0.000067612	-0.000013409	-0.00069859
12157	0.0013466	-0.0006305	-4.2428E-06	0.000071057	8.2221E-07	5.4374E-07
12158	-0.0013129	0.00063518	-0.000039183	-0.000058306	-0.000011042	-0.00073367
12158	0.0013952	-0.00065602	1.2574E-06	0.00006137	4.144E-07	0.000024109
12159	-0.0013702	0.00065975	-0.000033931	-0.00004436	-7.6543E-06	-0.00076864
12159	0.0014452	-0.000682	6.3971E-06	0.000046965	-3.0099E-07	0.000049881
12160	-0.0014303	0.00068494	-0.000027322	-0.00002193	-2.5107E-06	-0.00080299
12160	0.0014968	-0.00070849	0.000010909	0.000023898	-1.4912E-06	0.000077669
12161	-0.0014933	0.00071082	-0.000019302	7.4811E-06	4.0901E-06	-0.00083563
12161	0.0015505	-0.00073541	0.000014433	-6.1421E-06	-3.2726E-06	0.00010668
12162	-0.0015593	0.00073713	-9.5002E-06	0.000038895	0.000011133	-0.00086527
12162	0.0016063	-0.00076263	0.000016748	-0.000037903	-5.5942E-06	0.00013589
12163	-0.001628	0.00076366	2.3845E-06	0.000069779	0.000018031	-0.00089037
12163	0.0016639	-0.00078994	0.000017593	-0.000068756	-8.3426E-06	0.00016411
12164	-0.0016993	0.00079015	0.000016788	0.00010042	0.000024707	-0.00090932
12164	0.0017231	-0.00081707	0.000016648	-0.000099007	-0.000011431	0.00019019
12165	-0.0017731	0.00081628	0.000034088	0.00013441	0.000031636	-0.00092029
12165	0.0017835	-0.00084359	0.000013474	-0.00013231	-0.000014888	0.00021285
12166	-0.0018488	0.00084163	0.000054713	0.00017317	0.000038817	-0.00092098
12166	0.0018448	-0.00086906	7.5784E-06	-0.00017007	-0.000018631	0.00023041
12167	-0.001926	0.00086572	0.000079117	0.00021447	0.000045498	-0.00090852
12167	0.0019064	-0.00089302	-1.6057E-06	-0.00020999	-0.000022343	0.00024063
12168	-0.0020036	0.00088796	0.00010755	0.00025765	0.000051136	-0.00087928
12168	0.0019675	-0.00091476	-0.000014676	-0.00025139	-0.00002566	0.00024059
12169	-0.0020799	0.00090753	0.00014005	0.00030276	0.000055194	-0.00082883
12169	0.0020266	-0.00093334	-0.000032179	-0.00029435	-0.000028128	0.00022664
12170	-0.0021519	0.00092317	0.00017616	0.00035081	0.000057101	-0.00075204
12170	0.0020813	-0.00094744	-0.000054359	-0.00033987	-0.000029169	0.00019436
12171	-0.002215	0.00093322	0.00021469	0.00040199	0.000055974	-0.00064332
12171	0.0021276	-0.00095541	-0.000080687	-0.00038821	-0.00002797	0.00013857
12172	-0.0022626	0.0009358	0.00025299	0.00045458	0.000050588	-0.00049788
12172	0.0021597	-0.00095541	-0.00010929	-0.00043771	-0.000023486	0.000054174
12173	-0.0022858	0.00092891	0.00028678	0.00050455	0.000039703	-0.00031387
12173	0.0021699	-0.00094555	-0.00013655	-0.00048455	-0.000014681	-0.000061909
12174	-0.0022747	0.00091094	0.00030997	0.0005461	0.000022684	-0.000095415
12174	0.0021493	-0.00092439	-0.00015718	-0.00052324	-1.0066E-06	-0.00020777
12175	-0.00222	0.00088075	0.00031579	0.00057598	8.7379E-08	0.00014497
12175	0.0020894	-0.00089076	-0.00016536	-0.00055077	0.000017222	-0.00037396
12176	-0.0021156	0.00083777	0.00029969	0.00059198	-0.000026358	0.00038607
12176	0.0019845	-0.00084444	-0.00015599	-0.00056505	0.000038618	-0.0005429
12177	-0.0019619	0.0007826	0.00026105	0.00059065	-0.000053735	0.0006013
12177	0.0018345	-0.00078631	-0.00012753	-0.00056278	0.00006058	-0.00069156
12178	-0.0017666	0.000717	0.00020452	0.00056891	-0.000078053	0.000765
12178	0.0016465	-0.00071826	-0.000083593	-0.00054103	0.000079519	-0.00079735
12179	-0.0015437	0.00064373	0.00013859	0.00052717	-0.000095441	0.00085959
12179	0.0014338	-0.00064275	-0.000032518	-0.00050018	0.000092049	-0.0008449
12180	-0.0013101	0.00056541	0.000074148	0.00047046	-0.00010371	0.00088027
12180	0.0012119	-0.00056219	0.000015409	-0.00044501	0.000096394	-0.00083036
12181	-0.001081	0.00048459	0.000020757	0.00040481	-0.00010273	0.00083543
12181	0.00099509	-0.00047901	0.000051579	-0.00038127	0.000092633	-0.00076184
12182	-0.00086723	0.00040335	-0.000015704	0.00033601	-0.00009426	0.0007427
12182	0.00079308	-0.00039533	0.000071208	-0.0003144	0.000082504	-0.00065552
12183	-0.00067342	0.00032309	-0.000034036	0.0002678	-0.000080929	0.00062299
12183	0.00060972	-0.00031263	0.000073993	-0.00024798	0.000068442	-0.00053002
12184	-0.00049826	0.0002444	-0.000036924	0.00020131	-0.000065207	0.00049477
12184	0.00044329	-0.00023159	0.000063256	-0.00018301	0.000052657	-0.00040115
12185	-0.00033582	0.00016678	-0.000029316	0.00013632	-0.000049103	0.00037066
12185	0.00028771	-0.00015185	0.000044371	-0.00011927	0.000036831	-0.00027869
12186	-0.00017731	0.000088933	-0.000017287	0.000071761	-0.000033799	0.00025621
12186	0.00013432	-0.000072181	0.000023442	-0.000055714	0.000021787	-0.0001653
12187	-0.000033452	0.000018535	-7.0276E-06	0.000013956	-0.00001968	0.00015082
12187	-3.7067E-06	-1.2531E-06	6.3492E-06	4.8541E-07	0.000007875	-0.000060268
12188	0.000033697	-0.000014052	-2.8807E-06	-0.000012543	-7.9613E-06	0.000061581
12188	-0.000051741	0.000024815	-2.5303E-06	0.000020124	-1.7216E-06	0.000013355
12189	0.000016113	-6.1705E-06	-2.5597E-06	-5.8333E-06	-2.6288E-06	0.000020361
12189	-0.000012313	6.9736E-06	-2.8915E-06	5.0365E-06	-3.4749E-06	0.000026899
12190	1.3704E-06	3.534E-07	-2.1023E-06	-2.716E-07	-1.8047E-06	0.000013904
12190	0.000010837	-3.9893E-06	-2.0619E-06	-3.9142E-06	-1.7313E-06	0.00001334
12191	0.000006922	-2.4835E-06	-1.4574E-06	-2.4707E-06	-1.0116E-06	7.8164E-06
12191	6.4681E-06	-2.2903E-06	-1.4266E-06	-2.3024E-06	-9.5443E-07	7.3741E-06
12192	6.1293E-06	-2.3551E-06	-9.606E-07	-2.1934E-06	-5.2627E-07	4.1309E-06
12192	5.7278E-06	-2.1713E-06	-9.6139E-07	-2.0393E-06	-5.2811E-07	4.1462E-06
12193	4.7105E-06	-0.000001862	-6.3064E-07	-1.6701E-06	-2.7947E-07	2.2325E-06
12193	4.8533E-06	-1.9307E-06	-6.2334E-07	-1.7242E-06	-2.7383E-07	2.1873E-06
12194	0.000003679	-1.4913E-06	-4.1262E-07	-1.3165E-06	-1.4605E-07	1.1672E-06
12194	3.6382E-06	-1.4754E-06	-4.0664E-07	-0.000001302	-1.4252E-07	1.1391E-06
12195	2.7049E-06	-1.1138E-06	-2.6324E-07	-9.9308E-07	-7.489E-08	5.869E-07
12195	2.6909E-06	-1.1087E-06	-2.6051E-07	-9.8826E-07	-7.3642E-08	5.7713E-07
12196	0.000001926	-8.0085E-07	-1.6924E-07	-7.1977E-07	-3.6776E-08	2.8338E-07
12196	0.000001935	-8.0599E-07	-0.000000167	-7.235E-07	-3.5944E-08	2.7697E-07
12197	1.3356E-06	-0.00000056	-1.0841E-07	-4.9295E-07	-1.6307E-08	1.2705E-07
12197	1.3323E-06	-5.5904E-07	-1.0723E-07	-4.9191E-07	-1.5886E-08	1.2375E-07
12198	8.7698E-07	-3.6905E-07	-6.9647E-08	-3.1436E-07	-6.3897E-09	5.1306E-08
12198	8.6114E-07	-3.6213E-07	-6.8942E-08	-3.0865E-07	-6.2329E-09	5.0046E-08
12199	5.0085E-07	-2.0877E-07	-4.4346E-08	-0.000000177	-2.5633E-09	2.0866E-08
12199	4.9108E-07	-2.0444E-07	-4.4033E-08	-1.735E-07	-2.4717E-09	2.0123E-08
12200	1.9437E-07	-7.4067E-08	-3.1991E-08	-6.7926E-08	-1.9638E-09	1.5525E-08
12200	1.9764E-07	-7.5726E-08	-3.1631E-08	-6.9218E-08	-1.8462E-09	1.459E-08
12201	4.4775E-08	-8.15E-09	-2.6412E-08	-1.3957E-08	-2.0702E-09	1.5894E-08
12201	4.7096E-08	-9.2227E-09	-2.6388E-08	-1.4832E-08	-2.0532E-09	1.5762E-08
12202	2.6351E-08	-6.8826E-10	-2.435E-08	-7.2386E-09	-1.8061E-09	1.3735E-08
12202	2.4664E-08	1.8185E-10	-2.4565E-08	-6.5528E-09	-1.8479E-09	1.4054E-08
12203	2.0628E-08	1.3607E-09	-2.3155E-08	-5.0618E-09	-1.4928E-09	1.1577E-08
12203	2.0298E-08	1.6342E-09	-2.3418E-08	-4.9008E-09	-1.5471E-09	1.1998E-08
12204	1.625E-08	3.3704E-09	-2.3189E-08	-3.2845E-09	-1.2212E-09	9.7458E-09
12204	1.6401E-08	3.4287E-09	-2.3463E-08	-3.3079E-09	-1.2702E-09	1.0137E-08
12205	1.3311E-08	5.4307E-09	-2.4729E-08	-1.9828E-09	-9.833E-10	7.9343E-09
12205	1.3421E-08	5.5278E-09	-2.5045E-08	-1.9861E-09	-1.0266E-09	8.2834E-09
12206	1.1759E-08	7.713E-09	-2.8099E-08	-1.0313E-09	-7.372E-10	5.8576E-09
12206	1.1793E-08	7.8801E-09	-2.8491E-08	-9.9714E-10	-7.7952E-10	6.1929E-09
12207	1.1851E-08	1.0337E-08	-3.382E-08	-3.9729E-10	-4.1684E-10	3.2227E-09
12207	1.1929E-08	1.0529E-08	-3.4307E-08	-3.6756E-10	-4.5723E-10	3.5328E-09
