Node #	x (correct)	y (correct)	z (correct)	xy (correct)	yz (correct)	xz (correct)
11651	5.5199E-10	 0.53394E-09	-1.6878E-09	 0.47311E-11	-7.0002E-11	-5.4297E-10
11651	5.6157E-10	 0.54823E-09	-1.7279E-09	 0.34961E-11	-4.4394E-11	-3.4434E-10
11652	3.5735E-09	 0.33227E-08	-1.0639E-08	-0.67817E-10	6.2125E-10	-4.6781E-09
11652	3.5796E-09	 0.33363E-08	-1.0674E-08	-0.65764E-10	4.2255E-10	-3.1816E-09
11653	4.7283E-10	 0.42874E-09	-1.3843E-09	 0.11763E-10	-1.2458E-10	-9.5206E-10
11653	4.785E-10	 0.44342E-09	-1.4214E-09	 0.93573E-10	-9.6813E-11	-7.3909E-10
11654	4.5303E-10	 0.33434E-09	-1.1621E-09	 0.32164E-10	-2.2676E-10	-1.7065E-09
11654	4.4932E-10	 0.35148E-09	-1.1952E-09	 0.26515E-10	-1.9678E-10	-1.4805E-09
11655	4.8175E-10	 0.24800E-09	-1.0047E-09	 0.63737E-10	-3.1458E-10	-2.3499E-09
11655	4.6543E-10	 0.26901E-09	-1.0338E-09	 0.53557E-10	-2.8419E-10	-2.1228E-09
11656	5.5079E-10	 0.16790E-09	-9.0031E-10	 0.10350E-09	-3.8613E-10	-2.9055E-09
11656	5.2126E-10	 0.19261E-09	-9.2447E-10	 0.88829E-10	-3.548E-10	-2.6699E-09
11657	6.5006E-10	 0.92992E-10	-8.3706E-10	 0.14785E-09	-4.4169E-10	-3.3825E-09
11657	6.1379E-10	 0.11785E-09	-8.5488E-10	 0.13160E-09	-4.0953E-10	-3.1363E-09
11658	7.7476E-10	 0.21629E-10	-8.0644E-10	 0.19739E-09	-4.8768E-10	-3.7831E-09
11658	7.4421E-10	 0.40412E-10	-8.168E-10	 0.18445E-09	-4.5459E-10	-3.5265E-09
11659	1.8529E-09	-0.47304E-09	-8.0124E-10	 0.61515E-09	-5.8156E-10	-4.4898E-09
11659	1.9772E-09	-0.52793E-09	-8.0518E-10	 0.66274E-09	-5.4769E-10	-4.2282E-09
11660	1.1563E-08	-0.48961E-08	-8.1157E-10	 0.44438E-08	-1.0978E-09	-8.3075E-09
11660	1.1887E-08	-0.50435E-08	-8.1346E-10	 0.45705E-08	-1.0666E-09	-8.0702E-09
11661	3.1595E-08	-0.13890E-07	-1.1116E-09	 0.12340E-07	-2.0474E-09	-1.5369E-08
11661	3.177E-08	-0.13969E-07	-1.1124E-09	 0.12409E-07	-2.0202E-09	-1.5165E-08
11662	5.7335E-08	-0.25399E-07	-1.6358E-09	 0.22221E-07	-3.1689E-09	-2.4005E-08
11662	5.686E-08	-0.25190E-07	-1.6173E-09	 0.22038E-07	-3.1393E-09	-2.3781E-08
11663	9.1296E-08	-0.40552E-07	-2.4683E-09	 0.34738E-07	-4.6615E-09	-3.5983E-08
11663	8.9672E-08	-0.39822E-07	-2.4416E-09	 0.34120E-07	-4.6163E-09	-3.5634E-08
11664	1.3761E-07	-0.61165E-07	-3.6776E-09	 0.52067E-07	-6.945E-09	-5.3922E-08
11664	1.3502E-07	-0.60003E-07	-3.6269E-09	 0.51084E-07	-6.8756E-09	-5.3383E-08
11665	2.0167E-07	-0.89563E-07	-5.3703E-09	 0.77479E-07	-1.0684E-08	-8.1699E-08
11665	1.9977E-07	-0.88732E-07	-5.2991E-09	 0.76760E-07	-1.0572E-08	-8.0835E-08
11666	2.9218E-07	-0.12976E-06	-7.5043E-09	 0.11420E-06	-1.6656E-08	-1.2527E-07
11666	2.9271E-07	-0.13003E-06	-7.4329E-09	 0.11442E-06	-1.6562E-08	-1.2456E-07
11667	4.2789E-07	-0.19010E-06	-1.0833E-08	 0.16735E-06	-2.5963E-08	-1.9523E-07
11667	4.2098E-07	-0.18702E-06	-1.0657E-08	 0.16466E-06	-2.5976E-08	-1.9532E-07
11668	6.3133E-07	-0.28126E-06	-1.4698E-08	 0.24440E-06	-4.134E-08	-3.1425E-07
11668	5.9774E-07	-0.26604E-06	-1.4447E-08	 0.23136E-06	-4.0375E-08	-3.069E-07
11669	8.6976E-07	-0.38812E-06	-1.9153E-08	 0.33502E-06	-6.6812E-08	-5.1046E-07
11669	9.0653E-07	-0.40472E-06	-1.955E-08	 0.34923E-06	-6.4799E-08	-4.9508E-07
11670	1.1602E-06	-0.51787E-06	-2.473E-08	 0.45025E-06	-1.048E-07	-7.945E-07
11670	1.4019E-06	-0.62866E-06	-2.3657E-08	 0.54505E-06	-1.139E-07	-8.6341E-07
11671	2.2216E-06	-0.99749E-06	-3.3411E-08	 0.87324E-06	-1.7907E-07	-1.3445E-06
11671	1.4686E-06	-0.65959E-06	-2.1821E-08	 0.57607E-06	-1.9185E-07	-1.4411E-06
11672	4.3623E-06	-0.19815E-05	-1.781E-08	 0.17121E-05	-3.8363E-07	-2.8936E-06
11672	8.1464E-07	-0.35640E-06	-3.2401E-08	 0.31755E-06	-2.1954E-07	-1.6546E-06
11673	5.9958E-06	-0.27761E-05	8.3251E-08	 0.23318E-05	-0.000000645	-4.9383E-06
11673	1.1445E-07	-0.24146E-08	-1.0686E-07	 0.32169E-07	-9.8241E-08	-7.4791E-07
11674	6.4204E-06	-0.30765E-05	3.0735E-07	 0.24911E-05	-8.5237E-07	-0.00000661
11674	-2.1021E-07	 0.21192E-06	-2.4878E-07	-0.11067E-06	1.0862E-07	8.4352E-07
11675	0.000006435	-0.32378E-05	6.4092E-07	 0.25490E-05	-1.0571E-06	-8.1562E-06
11675	-2.5217E-07	 0.32627E-06	-4.5323E-07	-0.15240E-06	3.0569E-07	2.3568E-06
11676	0.000006346	-0.33896E-05	1.0613E-06	 0.26148E-05	-1.2731E-06	-9.6427E-06
11676	-2.0234E-07	 0.42505E-06	-7.1466E-07	-0.16839E-06	4.8888E-07	3.7016E-06
11677	6.2028E-06	-0.35486E-05	1.5474E-06	 0.26487E-05	-1.4788E-06	-0.000011084
11677	-9.4539E-08	 0.52198E-06	-1.0288E-06	-0.16761E-06	6.5305E-07	4.8955E-06
11678	5.9774E-06	-0.37003E-05	2.0909E-06	 0.26064E-05	-1.6512E-06	-0.000012485
11678	1.0432E-07	 0.59510E-06	-1.3806E-06	-0.13296E-06	7.8604E-07	5.9437E-06
11679	5.6325E-06	-0.38290E-05	0.000002701	 0.25173E-05	-1.8086E-06	-0.000013833
11679	0.00000042	 0.62563E-06	-1.7554E-06	-0.55423E-07	8.9421E-07	0.00000684
11680	5.2069E-06	-0.39408E-05	3.3608E-06	 0.24510E-05	-1.9904E-06	-0.000015109
11680	8.125E-07	 0.63264E-06	-2.1551E-06	 0.48407E-07	9.9734E-07	0.000007573
11681	4.8044E-06	-0.40666E-05	4.0369E-06	 0.24537E-05	-2.2156E-06	-0.000016304
11681	1.1951E-06	 0.66825E-06	-2.6058E-06	 0.14642E-06	1.1066E-06	8.1475E-06
11682	0.000004528	-0.42374E-05	0.000004692	 0.25387E-05	-2.4748E-06	-0.000017425
11682	1.4889E-06	 0.78424E-06	-3.1414E-06	 0.20402E-06	0.000001219	8.5885E-06
11683	4.4239E-06	-0.44675E-05	5.3065E-06	 0.26869E-05	-2.7343E-06	-0.000018493
11683	1.6685E-06	 0.10050E-05	-3.7906E-06	 0.19919E-06	1.3211E-06	8.9383E-06
11684	4.4598E-06	-0.47418E-05	5.8745E-06	 0.28556E-05	-2.9592E-06	-0.000019518
11684	1.7647E-06	 0.13029E-05	-4.5252E-06	 0.14135E-06	1.3989E-06	0.000009227
11685	4.5617E-06	-0.50459E-05	6.4349E-06	 0.30082E-05	-3.1362E-06	-0.000020512
11685	1.8296E-06	 0.16416E-05	-5.3182E-06	 0.56636E-07	1.4512E-06	9.4876E-06
11686	4.6501E-06	-0.53614E-05	7.0259E-06	 0.31183E-05	-3.2682E-06	-0.000021481
11686	1.9148E-06	 0.19780E-05	-0.000006126	-0.22118E-07	1.4812E-06	9.7279E-06
11687	4.6716E-06	-0.56734E-05	7.6725E-06	 0.31931E-05	-0.000003382	-0.00002242
11687	2.0526E-06	 0.22788E-05	-6.9081E-06	-0.72463E-07	1.4992E-06	0.000009927
11688	0.000004639	-0.59791E-05	0.000008362	 0.32726E-05	-0.000003514	-0.000023324
11688	2.2315E-06	 0.25517E-05	-7.6701E-06	-0.10136E-06	1.5195E-06	0.000010071
11689	4.6098E-06	-0.62853E-05	9.0542E-06	 0.33830E-05	-3.6716E-06	-0.000024194
11689	2.4181E-06	 0.28307E-05	-8.4531E-06	-0.13094E-06	1.5452E-06	0.000010164
11690	4.6222E-06	-0.65955E-05	0.000009715	 0.35108E-05	-3.8276E-06	-0.000025031
11690	2.5962E-06	 0.31324E-05	-9.2766E-06	-0.17095E-06	1.5654E-06	0.000010213
11691	4.6622E-06	-0.69134E-05	0.000010362	 0.36293E-05	-3.9583E-06	-0.000025839
11691	2.7727E-06	 0.34450E-05	-0.000010122	-0.21421E-06	1.5711E-06	0.000010224
11692	4.6952E-06	-0.72367E-05	0.000011026	 0.37347E-05	-4.0713E-06	-0.000026617
11692	2.9609E-06	 0.37461E-05	-0.000010954	-0.24938E-06	1.5652E-06	0.000010193
11693	4.7155E-06	-0.75603E-05	0.000011703	 0.38432E-05	-4.1868E-06	-0.000027361
11693	3.1636E-06	 0.40327E-05	-0.000011769	-0.27581E-06	1.5554E-06	0.000010117
11694	4.7455E-06	-0.78829E-05	0.000012372	 0.39695E-05	-4.3128E-06	-0.000028071
11694	3.3708E-06	 0.43174E-05	-0.000012584	-0.30132E-06	0.000001544	9.9927E-06
11695	0.000004815	-0.82059E-05	0.000013006	 0.41225E-05	-4.4479E-06	-0.000028746
11695	3.5703E-06	 0.46165E-05	-0.000013423	-0.33504E-06	1.5309E-06	9.8262E-06
11696	4.9423E-06	-0.85260E-05	0.000013577	 0.42914E-05	-4.5747E-06	-0.000029379
11696	3.7609E-06	 0.49359E-05	-0.000014298	-0.37825E-06	1.5116E-06	9.6265E-06
11697	5.1071E-06	-0.88460E-05	0.000014107	 0.44509E-05	-0.000004673	-0.00002997
11697	3.9514E-06	 0.52598E-05	-0.000015181	-0.42126E-06	1.4814E-06	9.4043E-06
11698	5.2647E-06	-0.91626E-05	0.000014633	 0.45799E-05	-4.7368E-06	-0.000030511
11698	4.1631E-06	 0.55573E-05	-0.000016028	-0.44657E-06	1.4388E-06	9.1549E-06
11699	5.3627E-06	-0.94700E-05	0.000015192	 0.46591E-05	-4.7659E-06	-0.000031
11699	4.4235E-06	 0.57931E-05	-0.000016789	-0.43453E-06	1.3818E-06	8.8582E-06
11700	5.3576E-06	-0.97656E-05	0.000015824	 0.46957E-05	-4.7812E-06	-0.000031434
11700	4.7417E-06	 0.59381E-05	-0.00001741	-0.37600E-06	0.000001312	8.4802E-06
11701	5.2678E-06	-0.10045E-04	0.000016509	 0.47290E-05	-4.8172E-06	-0.00003182
11701	5.1071E-06	 0.60079E-05	-0.000017916	-0.28257E-06	1.2345E-06	7.9931E-06
11702	5.1642E-06	-0.10300E-04	0.000017162	 0.47909E-05	-4.8834E-06	-0.000032146
11702	5.5025E-06	 0.60407E-05	-0.000018372	-0.17102E-06	1.1451E-06	7.3612E-06
11703	5.1216E-06	-0.10528E-04	0.000017703	 0.48959E-05	-0.000004969	-0.000032399
11703	5.9054E-06	 0.60768E-05	-0.000018842	-0.57968E-07	1.0387E-06	6.5813E-06
11704	5.1876E-06	-0.10732E-04	0.000018087	 0.50396E-05	-5.0517E-06	-0.000032561
11704	0.000006293	 0.61434E-05	-0.000019362	 0.42780E-07	9.1501E-07	5.6893E-06
11705	5.3527E-06	-0.10908E-04	0.000018313	 0.51829E-05	-5.0936E-06	-0.000032608
11705	6.6754E-06	 0.62301E-05	-0.000019921	 0.13711E-06	7.7306E-07	4.7168E-06
11706	5.5309E-06	-0.11054E-04	0.000018452	 0.52696E-05	-5.0658E-06	-0.000032513
11706	7.0945E-06	 0.62741E-05	-0.000020423	 0.25549E-06	6.1073E-07	3.6604E-06
11707	5.6089E-06	-0.11160E-04	0.000018595	 0.52709E-05	-4.9773E-06	-0.00003226
11707	7.5987E-06	 0.62022E-05	-0.000020759	 0.43327E-06	4.2814E-07	2.4881E-06
11708	5.5207E-06	-0.11211E-04	0.000018781	 0.51996E-05	-4.8622E-06	-0.000031842
11708	0.000008217	 0.59741E-05	-0.000020871	 0.69100E-06	2.2173E-07	1.1389E-06
11709	5.2848E-06	-0.11193E-04	0.000018966	 0.50926E-05	-4.7497E-06	-0.000031249
11709	8.9498E-06	 0.56009E-05	-0.000020781	 0.10291E-05	-1.7935E-08	-4.5533E-07
11710	4.9652E-06	-0.11091E-04	0.000019058	 0.49611E-05	-4.6317E-06	-0.000030463
11710	9.7909E-06	 0.51193E-05	-0.000020562	 0.14369E-05	-3.0214E-07	-2.3493E-06
11711	0.000004586	-0.10904E-04	0.000019026	 0.47929E-05	-4.4862E-06	-0.000029454
11711	0.000010736	 0.45363E-05	-0.000020226	 0.19109E-05	-6.3915E-07	-4.5827E-06
11712	4.1452E-06	-0.10622E-04	0.000018849	 0.45812E-05	-4.3055E-06	-0.000028185
11712	0.000011795	 0.38482E-05	-0.000019774	 0.24572E-05	-1.0347E-06	-7.1857E-06
11713	3.6404E-06	-0.10234E-04	0.000018509	 0.43264E-05	-4.0868E-06	-0.00002661
11713	0.000012979	 0.30524E-05	-0.000019209	 0.30869E-05	-1.4977E-06	-0.000010192
11714	3.0943E-06	-0.97310E-05	0.000017963	 0.40387E-05	-3.8274E-06	-0.000024673
11714	0.000014289	 0.21628E-05	-0.000018561	 0.38107E-05	-2.0409E-06	-0.000013629
11715	2.5313E-06	-0.90984E-05	0.000017154	 0.37048E-05	-3.5015E-06	-0.000022308
11715	0.000015735	 0.11929E-05	-0.000017869	 0.46240E-05	-2.6672E-06	-0.000017514
11716	1.8519E-06	-0.83051E-05	0.000016106	 0.32441E-05	-3.0636E-06	-0.000019452
11716	0.000017419	 0.82387E-07	-0.000017111	 0.55226E-05	-3.3493E-06	-0.000021866
11717	7.8052E-07	-0.72978E-05	0.00001497	 0.25504E-05	-2.4994E-06	-0.000016032
11717	0.000019534	-0.13242E-05	-0.000016149	 0.65555E-05	-4.0659E-06	-0.000026798
11718	-8.687E-07	-0.60183E-05	0.000013814	 0.16086E-05	-0.000001863	-0.000012039
11718	0.000022195	-0.31207E-05	-0.000014879	 0.78770E-05	-4.8863E-06	-0.000032437
11719	-2.8934E-06	-0.45054E-05	0.000012525	 0.50737E-06	-1.1797E-06	-7.4552E-06
11719	0.000025287	-0.51423E-05	-0.000013501	 0.96528E-05	-5.9757E-06	-0.000038877
11720	-4.8251E-06	-0.28657E-05	0.000010862	-0.66053E-06	-3.7756E-07	-2.2073E-06
11720	0.000028531	-0.71012E-05	-0.000012333	 0.11872E-04	-7.4341E-06	-0.000046082
11721	-6.3749E-06	-0.11889E-05	0.000008728	-0.18302E-05	6.4576E-07	3.8703E-06
11721	0.000031759	-0.88522E-05	-0.000011545	 0.14291E-04	-9.1744E-06	-0.000053932
11722	-7.7932E-06	 0.56330E-06	6.2924E-06	-0.30402E-05	1.9077E-06	0.000010913
11722	0.000035202	-0.10549E-04	-0.000011103	 0.16632E-04	-0.000010934	-0.000062283
11723	-9.8338E-06	 0.25737E-05	3.9067E-06	-0.45239E-05	3.3478E-06	0.000019024
11723	0.000039441	-0.12549E-04	-0.000010849	 0.18959E-04	-0.00001252	-0.000071056
11724	-0.000013194	 0.50253E-05	1.8489E-06	-0.65899E-05	4.9286E-06	0.000028165
11724	0.000044997	-0.15083E-04	-0.000010754	 0.21730E-04	-0.000014024	-0.000080159
11725	-0.000018125	 0.79046E-05	3.7243E-07	-0.94223E-05	6.6534E-06	0.000037978
11725	0.000052014	-0.18114E-04	-0.000010962	 0.25368E-04	-0.000015634	-0.000089325
11726	-0.000024618	 0.11107E-04	-3.1469E-07	-0.13034E-04	8.4574E-06	0.000047896
11726	0.000060451	-0.21515E-04	-0.000011691	 0.29888E-04	-0.000017314	-0.000098143
11727	-0.000032813	 0.14606E-04	7.9371E-09	-0.17308E-04	0.000010106	0.00005715
11727	0.000070417	-0.25289E-04	-0.000013121	 0.34935E-04	-0.000018737	-0.00010601
11728	-0.000042929	 0.18452E-04	1.4851E-06	-0.22119E-04	0.000011311	0.000064692
11728	0.000082072	-0.29539E-04	-0.000015249	 0.40237E-04	-0.000019591	-0.00011207
11729	-0.000054765	 0.22550E-04	4.1125E-06	-0.27452E-04	0.000011959	0.000069383
11729	0.00009515	-0.34172E-04	-0.000017973	 0.45929E-04	-0.000019883	-0.00011535
11730	-0.000067488	 0.26668E-04	7.5157E-06	-0.33313E-04	0.000012053	0.000070225
11730	0.0001088	-0.38894E-04	-0.000020981	 0.52252E-04	-0.000019746	-0.00011503
11731	-0.00007985	 0.30526E-04	0.00001105	-0.39376E-04	0.000011541	0.000066775
11731	0.00012188	-0.43324E-04	-0.000023936	 0.58924E-04	-0.000019167	-0.00011086
11732	-0.000090674	 0.33953E-04	0.000013993	-0.44956E-04	0.000010355	0.000059329
11732	0.00013337	-0.47223E-04	-0.000026463	 0.65133E-04	-0.000018037	-0.00010326
11733	-0.000099346	 0.36945E-04	0.000015853	-0.49323E-04	8.5486E-06	0.000048862
11733	0.00014281	-0.50600E-04	-0.000028215	 0.69981E-04	-0.000016336	-0.00009326
11734	-0.00010589	 0.39604E-04	0.000016499	-0.52160E-04	6.3673E-06	0.000036781
11734	0.00015021	-0.53628E-04	-0.000028935	 0.73061E-04	-0.000014248	-0.000082111
11735	-0.00011061	 0.41970E-04	0.000016115	-0.53745E-04	4.1442E-06	0.000024454
11735	0.00015584	-0.56409E-04	-0.000028598	 0.74736E-04	-0.000012092	-0.000070956
11736	-0.00011382	 0.43993E-04	0.000015013	-0.54701E-04	2.1341E-06	0.000012968
11736	0.00015993	-0.58900E-04	-0.000027399	 0.75816E-04	-0.000010154	-0.000060623
11737	-0.00011566	 0.45561E-04	0.000013436	-0.55676E-04	4.3856E-07	2.9902E-06
11737	0.00016258	-0.60878E-04	-0.000025743	 0.77130E-04	-8.5802E-06	-0.000051553
11738	-0.000116	 0.46533E-04	0.000011531	-0.56857E-04	-9.6746E-07	-5.2606E-06
11738	0.00016374	-0.62091E-04	-0.000024057	 0.78957E-04	-7.3716E-06	-0.000043884
11739	-0.0001149	 0.46918E-04	0.000009433	-0.57683E-04	-2.1371E-06	-0.0000119
11739	0.00016354	-0.62541E-04	-0.000022609	 0.80544E-04	-6.4128E-06	-0.000037599
11740	-0.00011305	 0.47076E-04	7.2666E-06	-0.57340E-04	-3.0611E-06	-0.000017159
11740	0.00016266	-0.62652E-04	-0.000021452	 0.80623E-04	-5.5779E-06	-0.000032645
11741	-0.00011152	 0.47376E-04	5.3418E-06	-0.55780E-04	-3.7146E-06	-0.000021302
11741	0.00016204	-0.62981E-04	-0.000020437	 0.78930E-04	-4.8231E-06	-0.000028846
11742	-0.00011086	 0.47927E-04	3.8129E-06	-0.54133E-04	-4.1565E-06	-0.000024539
11742	0.00016216	-0.63706E-04	-0.000019414	 0.76941E-04	-4.1921E-06	-0.000025869
11743	-0.00011087	 0.48554E-04	2.6164E-06	-0.53536E-04	-4.5068E-06	-0.000027012
11743	0.00016277	-0.64533E-04	-0.000018426	 0.76269E-04	-3.7189E-06	-0.000023369
11744	-0.00011086	 0.48987E-04	1.5996E-06	-0.54093E-04	-4.8445E-06	-0.00002885
11744	0.00016318	-0.65062E-04	-0.000017572	 0.77176E-04	-3.3738E-06	-0.000021124
11745	-0.00011024	 0.49066E-04	6.2662E-07	-0.55038E-04	-5.1651E-06	-0.000030192
11745	0.00016291	-0.65111E-04	-0.000016916	 0.78717E-04	-3.0975E-06	-0.000019075
11746	-0.00010902	 0.48869E-04	-2.8898E-07	-0.55384E-04	-5.4092E-06	-0.000031196
11746	0.00016207	-0.64847E-04	-0.000016447	 0.79539E-04	-2.8319E-06	-0.000017235
11747	-0.00010775	 0.48697E-04	-1.1308E-06	-0.54785E-04	-5.5248E-06	-0.000031929
11747	0.00016119	-0.64634E-04	-0.000016081	 0.79022E-04	-2.5606E-06	-0.000015655
11748	-0.00010702	 0.48778E-04	-1.8355E-06	-0.53632E-04	-5.5227E-06	-0.000032441
11748	0.00016083	-0.64754E-04	-0.000015726	 0.77597E-04	-2.2892E-06	-0.000014278
11749	-0.00010716	 0.49185E-04	-2.3563E-06	-0.52586E-04	-5.4535E-06	-0.00003274
11749	0.00016125	-0.65282E-04	-0.000015314	 0.76140E-04	-2.0259E-06	-0.00001298
11750	-0.000108	 0.49803E-04	-2.7461E-06	-0.52335E-04	-5.3901E-06	-0.00003279
11750	0.00016223	-0.66014E-04	-0.00001487	 0.75644E-04	-0.000001782	-0.000011646
11751	-0.00010879	 0.50260E-04	-3.0467E-06	-0.53227E-04	-5.4026E-06	-0.000032595
11751	0.00016303	-0.66525E-04	-0.000014422	 0.76770E-04	-1.5568E-06	-0.000010171
11752	-0.00010863	 0.50173E-04	-3.3445E-06	-0.54914E-04	-5.4995E-06	-0.000032186
11752	0.00016279	-0.66377E-04	-0.00001404	 0.79202E-04	-1.3365E-06	-8.5465E-06
11753	-0.00010696	 0.49396E-04	-0.000003722	-0.56429E-04	-5.6211E-06	-0.000031619
11753	0.00016102	-0.65403E-04	-0.000013787	 0.81677E-04	-1.1048E-06	-6.8687E-06
11754	-0.00010377	 0.47985E-04	-4.1536E-06	-0.56882E-04	-5.7028E-06	-0.000030982
11754	0.00015776	-0.63744E-04	-0.000013635	 0.82990E-04	-8.5923E-07	-5.2468E-06
11755	-0.00009949	 0.46181E-04	-0.000004631	-0.55951E-04	-5.7084E-06	-0.000030336
11755	0.00015348	-0.61695E-04	-0.000013563	 0.82613E-04	-6.1665E-07	-0.000003786
11756	-0.000094736	 0.44254E-04	-5.1077E-06	-0.53843E-04	-5.6327E-06	-0.000029718
11756	0.00014879	-0.59572E-04	-0.000013523	 0.80680E-04	-3.9686E-07	-2.5451E-06
11757	-0.000089991	 0.42371E-04	-5.5498E-06	-0.51149E-04	-5.5056E-06	-0.000029133
11757	0.00014413	-0.57553E-04	-0.000013472	 0.77901E-04	-2.1218E-07	-1.5281E-06
11758	-0.000085452	 0.40564E-04	-5.9385E-06	-0.48466E-04	-5.3722E-06	-0.00002857
11758	0.00013963	-0.55635E-04	-0.000013389	 0.75065E-04	-6.3848E-08	-7.0699E-07
11759	-0.000081046	 0.38785E-04	-6.3021E-06	-0.46046E-04	-5.2599E-06	-0.00002801
11759	0.00013519	-0.53719E-04	-0.000013291	 0.72558E-04	5.2018E-08	-5.7038E-08
11760	-0.000076566	 0.36940E-04	-6.6344E-06	-0.43776E-04	-5.1709E-06	-0.00002746
11760	0.00013064	-0.51731E-04	-0.000013178	 0.70305E-04	1.4306E-07	4.5801E-07
11761	-0.000071972	 0.35043E-04	-6.9506E-06	-0.41381E-04	-0.000005079	-0.000026926
11761	0.00012599	-0.49711E-04	-0.000013063	 0.67910E-04	2.1186E-07	8.5258E-07
11762	-0.000067496	 0.33214E-04	-7.2458E-06	-0.38780E-04	-4.9587E-06	-0.00002641
11762	0.00012145	-0.47790E-04	-0.000012934	 0.65139E-04	2.5759E-07	1.1271E-06
11763	-0.000063344	 0.31529E-04	-0.000007513	-0.36217E-04	-4.8212E-06	-0.0000259
11763	0.00011722	-0.46039E-04	-0.000012777	 0.62292E-04	2.8333E-07	1.2978E-06
11764	-0.00005946	 0.29933E-04	-7.7446E-06	-0.33938E-04	-4.6988E-06	-0.000025385
11764	0.00011323	-0.44385E-04	-0.000012593	 0.59811E-04	2.9754E-07	0.000001402
11765	-0.000055609	 0.28319E-04	-0.000007958	-0.31916E-04	-4.6054E-06	-0.000024855
11765	0.00010924	-0.42701E-04	-0.000012399	 0.57759E-04	3.0579E-07	1.4644E-06
11766	-0.000051639	 0.26641E-04	-8.1616E-06	-0.29904E-04	-4.5218E-06	-0.000024317
11766	0.00010511	-0.40937E-04	-0.000012195	 0.55769E-04	3.0844E-07	1.4915E-06
11767	-0.000047581	 0.24929E-04	-8.3604E-06	-0.27766E-04	-4.4279E-06	-0.000023773
11767	0.00010084	-0.39133E-04	-0.00001198	 0.53575E-04	3.0329E-07	1.4776E-06
11768	-0.000043536	 0.23226E-04	-8.5488E-06	-0.25546E-04	-4.3216E-06	-0.000023231
11768	0.000096543	-0.37341E-04	-0.00001175	 0.51206E-04	2.9086E-07	1.4267E-06
11769	-0.000039587	 0.21566E-04	-8.7259E-06	-0.23322E-04	-4.2058E-06	-0.000022689
11769	0.00009234	-0.35607E-04	-0.000011508	 0.48772E-04	2.735E-07	1.3511E-06
11770	-0.000035766	 0.19956E-04	-8.8914E-06	-0.21181E-04	-4.0908E-06	-0.000022146
11770	0.000088261	-0.33930E-04	-0.000011254	 0.46426E-04	2.5393E-07	1.2617E-06
11771	-0.000032032	 0.18378E-04	-9.0548E-06	-0.19138E-04	-3.9828E-06	-0.000021596
11771	0.00008426	-0.32281E-04	-0.000010996	 0.44223E-04	2.3376E-07	1.1654E-06
11772	-0.000028314	 0.16803E-04	-9.2157E-06	-0.17134E-04	-3.8801E-06	-0.000021041
11772	0.000080278	-0.30634E-04	-0.000010737	 0.42102E-04	2.1451E-07	1.0715E-06
11773	-0.000024555	 0.15209E-04	-9.3734E-06	-0.15120E-04	-3.7799E-06	-0.000020484
11773	0.000076272	-0.28974E-04	-0.000010477	 0.40000E-04	1.9736E-07	9.8838E-07
11774	-0.000020802	 0.13619E-04	-9.5317E-06	-0.13074E-04	-3.6709E-06	-0.000019927
11774	0.000072288	-0.27331E-04	-0.000010218	 0.37813E-04	1.8191E-07	9.1623E-07
11775	-0.000017212	 0.12108E-04	-9.6913E-06	-0.11067E-04	-3.5452E-06	-0.000019368
11775	0.000068473	-0.25783E-04	-9.9551E-06	 0.35548E-04	1.6775E-07	8.5368E-07
11776	-0.000013897	 0.10719E-04	-9.8532E-06	-0.92166E-05	-3.4149E-06	-0.000018804
11776	0.000064928	-0.24357E-04	-9.6915E-06	 0.33400E-04	1.5672E-07	8.0736E-07
11777	-0.000010754	 0.94003E-05	-0.000010015	-0.75241E-05	-3.3017E-06	-0.000018232
11777	0.000061538	-0.22980E-04	-9.4296E-06	 0.31532E-04	1.5221E-07	7.9148E-07
11778	-7.5218E-06	 0.80369E-05	-0.000010178	-0.58410E-05	-3.2135E-06	-0.00001765
11778	0.000058027	-0.21523E-04	-9.1714E-06	 0.29858E-04	1.5566E-07	8.1254E-07
11779	-4.0082E-06	 0.65504E-05	-0.000010344	-0.40022E-05	-3.1336E-06	-0.000017061
11779	0.000054207	-0.19924E-04	-8.9092E-06	 0.28095E-04	1.6528E-07	8.6428E-07
11780	-1.8283E-07	 0.49302E-05	-0.000010512	-0.19538E-05	-3.0462E-06	-0.000016474
11780	0.000050077	-0.18195E-04	-8.6485E-06	 0.26072E-04	1.8015E-07	9.4528E-07
11781	3.9149E-06	 0.31911E-05	-0.000010676	 0.27842E-06	-2.9553E-06	-0.000015894
11781	0.000045686	-0.16355E-04	-8.3886E-06	 0.23842E-04	2.0141E-07	1.0604E-06
11782	8.3766E-06	 0.12960E-05	-0.00001084	 0.27677E-05	-2.8823E-06	-0.000015316
11782	0.000040903	-0.14330E-04	-8.1329E-06	 0.21501E-04	2.2975E-07	1.2032E-06
11783	0.000013584	-0.91445E-06	-0.000011	 0.58357E-05	-2.8458E-06	-0.00001474
11783	0.000035296	-0.11929E-04	-7.8599E-06	 0.18889E-04	2.6702E-07	1.3701E-06
11784	0.000019991	-0.36406E-05	-0.000011124	 0.98919E-05	-2.8363E-06	-0.000014171
11784	0.000028411	-0.89727E-05	-7.5696E-06	 0.15533E-04	3.1532E-07	1.5679E-06
11785	0.00002777	-0.69552E-05	-0.000011207	 0.15061E-04	-2.8189E-06	-0.000013616
11785	0.00002013	-0.54556E-05	-7.2384E-06	 0.11024E-04	3.723E-07	0.000001797
11786	0.000036707	-0.10780E-04	-0.000011254	 0.21052E-04	-2.7632E-06	-0.000013067
11786	0.000010736	-0.15064E-05	-0.000006889	 0.53988E-05	4.315E-07	2.0457E-06
11787	0.000046307	-0.14912E-04	-0.000011291	 0.27334E-04	-2.6666E-06	-0.000012521
11787	7.4838E-07	 0.26665E-05	-6.5257E-06	-0.85789E-06	4.9064E-07	2.3145E-06
11788	0.00005608	-0.19144E-04	-0.000011329	 0.33489E-04	-2.5439E-06	-0.000011978
11788	-9.3417E-06	 0.68943E-05	-6.1932E-06	-0.72200E-05	5.5045E-07	2.6064E-06
11789	0.000065737	-0.23336E-04	-0.000011381	 0.39419E-04	-0.000002414	-0.000011435
11789	-0.000019273	 0.11076E-04	-5.8951E-06	-0.13425E-04	6.1183E-07	2.9145E-06
11790	0.00007525	-0.27445E-04	-0.000011452	 0.45356E-04	-2.2942E-06	-0.000010894
11790	-0.000029061	 0.15215E-04	-5.6425E-06	-0.19556E-04	6.7831E-07	3.2374E-06
11791	0.000084778	-0.31527E-04	-0.000011532	 0.51580E-04	-2.1892E-06	-0.000010361
11791	-0.000038871	 0.19367E-04	-5.4273E-06	-0.25834E-04	7.5135E-07	3.5713E-06
11792	0.000094483	-0.35678E-04	-0.000011605	 0.58002E-04	-2.0871E-06	-9.8349E-06
11792	-0.000048831	 0.23589E-04	-5.2352E-06	-0.32274E-04	8.2658E-07	0.00000391
11793	0.00010434	-0.39940E-04	-0.000011679	 0.64093E-04	-1.9726E-06	-9.3194E-06
11793	-0.000058883	 0.27894E-04	-5.0842E-06	-0.38544E-04	8.9659E-07	4.2507E-06
11794	0.00011408	-0.44208E-04	-0.000011781	 0.69496E-04	-1.8481E-06	-8.8236E-06
11794	-0.000068752	 0.32198E-04	-5.0064E-06	-0.44315E-04	9.5755E-07	4.5851E-06
11795	0.00012348	-0.48302E-04	-0.000011921	 0.74738E-04	-1.7364E-06	-8.3611E-06
11795	-0.000078217	 0.36362E-04	-5.0089E-06	-0.49850E-04	1.0146E-06	4.8948E-06
11796	0.00013266	-0.52167E-04	-0.000012079	 0.81002E-04	-1.6603E-06	-7.9442E-06
11796	-0.000087476	 0.40376E-04	-5.0639E-06	-0.56041E-04	1.0787E-06	5.1661E-06
11797	0.00014214	-0.56023E-04	-0.0000122	 0.88862E-04	-1.6159E-06	-7.5697E-06
11797	-0.000097138	 0.44456E-04	-5.1267E-06	-0.63511E-04	1.1518E-06	5.3965E-06
11798	0.00015242	-0.60242E-04	-0.000012273	 0.97286E-04	-1.5713E-06	-7.2203E-06
11798	-0.00010763	 0.48884E-04	-5.1908E-06	-0.71607E-04	1.2161E-06	5.5882E-06
11799	0.00016347	-0.64990E-04	-0.000012316	 0.10458E-03	-1.5002E-06	-6.8803E-06
11799	-0.00011871	 0.53707E-04	-5.2749E-06	-0.78919E-04	1.2501E-06	5.7344E-06
11800	0.00017465	-0.69964E-04	-0.000012373	 0.11039E-03	-1.4148E-06	-6.5656E-06
11800	-0.00012978	 0.58686E-04	-5.4173E-06	-0.85044E-04	0.000001256	5.8293E-06
11801	0.00018539	-0.74683E-04	-0.000012492	 0.11621E-03	-1.3475E-06	-6.3031E-06
11801	-0.00014045	 0.63518E-04	-0.000005675	-0.91139E-04	1.2508E-06	0.000005849
11802	0.00019577	-0.79041E-04	-0.000012614	 0.12364E-03	-1.3188E-06	-6.1228E-06
11802	-0.00015079	 0.68069E-04	-5.9776E-06	-0.98473E-04	1.2437E-06	5.7715E-06
11803	0.0002064	-0.83385E-04	-0.000012678	 0.13254E-03	-1.3219E-06	-6.0373E-06
11803	-0.00016133	 0.72585E-04	-6.2672E-06	-0.10699E-03	1.2257E-06	5.5941E-06
11804	0.00021767	-0.88090E-04	-0.000012706	 0.14127E-03	-1.3364E-06	-6.0362E-06
11804	-0.00017255	 0.77447E-04	-6.5714E-06	-0.11551E-03	1.1785E-06	5.3152E-06
11805	0.00022943	-0.93165E-04	-0.000012709	 0.14903E-03	-1.3582E-06	-6.1241E-06
11805	-0.00018425	 0.82650E-04	-6.9086E-06	-0.12329E-03	1.0966E-06	0.00000493
11806	0.00024126	-0.98260E-04	-0.000012675	 0.15706E-03	-1.4055E-06	-6.3194E-06
11806	-0.00019595	 0.87833E-04	-7.2494E-06	-0.13127E-03	9.897E-07	4.4269E-06
11807	0.000253	-0.10304E-03	-0.000012597	 0.16758E-03	-1.5002E-06	-6.6312E-06
11807	-0.00020763	 0.92759E-04	-0.000007587	-0.14139E-03	8.672E-07	3.8005E-06
11808	0.00026503	-0.10761E-03	-0.000012425	 0.18157E-03	-1.6454E-06	-7.0416E-06
11808	-0.00021984	 0.97554E-04	-0.000007878	-0.15467E-03	7.2621E-07	3.0608E-06
11809	0.00027812	-0.11245E-03	-0.000012127	 0.19807E-03	-1.8175E-06	-7.4985E-06
11809	-0.00023322	 0.10261E-03	-8.0924E-06	-0.17033E-03	5.5561E-07	2.2238E-06
11810	0.0002927	-0.11799E-03	-0.000011699	 0.21535E-03	-1.9826E-06	-7.9342E-06
11810	-0.00024812	 0.10826E-03	-8.2165E-06	-0.18689E-03	3.5032E-07	1.3069E-06
11811	0.00030869	-0.12435E-03	-0.000011166	 0.23228E-03	-2.1168E-06	-8.2942E-06
11811	-0.00026447	 0.11464E-03	-8.2984E-06	-0.20336E-03	0.000000116	3.2904E-07
11812	0.00032579	-0.13137E-03	-0.000010574	 0.24869E-03	-2.2119E-06	-8.5482E-06
11812	-0.00028193	 0.12160E-03	-8.3313E-06	-0.21952E-03	-1.3885E-07	-6.9585E-07
11813	0.00034352	-0.13871E-03	-9.8778E-06	 0.26543E-03	-2.2724E-06	-8.6775E-06
11813	-0.00030011	 0.12885E-03	-8.2954E-06	-0.23611E-03	-4.1049E-07	-1.7634E-06
11814	0.0003615	-0.14597E-03	-9.1614E-06	 0.28381E-03	-2.3085E-06	-8.6771E-06
11814	-0.00031869	 0.13608E-03	-8.2581E-06	-0.25435E-03	-6.9808E-07	-2.8598E-06
11815	0.00037985	-0.15308E-03	-8.4107E-06	 0.30483E-03	-2.3188E-06	-8.5304E-06
11815	-0.00033756	 0.14313E-03	-8.2207E-06	-0.27495E-03	-1.0058E-06	-3.9789E-06
11816	0.00039902	-0.16039E-03	-7.5733E-06	 0.32771E-03	-2.2848E-06	-8.2143E-06
11816	-0.00035711	 0.15025E-03	-8.0989E-06	-0.29722E-03	-1.3304E-06	-5.1104E-06
11817	0.00041961	-0.16856E-03	-6.7934E-06	 0.34945E-03	-2.1824E-06	-7.7248E-06
11817	-0.00037812	 0.15826E-03	-8.0126E-06	-0.31868E-03	-1.6511E-06	-6.2334E-06
11818	0.00044175	-0.17807E-03	-6.0023E-06	 0.36751E-03	-2.0017E-06	-7.0625E-06
11818	-0.00040067	 0.16753E-03	-7.9126E-06	-0.33689E-03	-1.9506E-06	-7.3511E-06
11819	0.00046467	-0.18845E-03	-0.000005182	 0.38235E-03	-1.7636E-06	-6.2504E-06
11819	-0.00042383	 0.17751E-03	-0.000007745	-0.35203E-03	-2.2292E-06	-8.4695E-06
11820	0.00048724	-0.19866E-03	-4.3898E-06	 0.39699E-03	-1.5065E-06	-5.3482E-06
11820	-0.00044662	 0.18734E-03	-7.5913E-06	-0.36692E-03	-2.5015E-06	-9.5736E-06
11821	0.00050886	-0.20796E-03	-3.6268E-06	 0.41447E-03	-1.2568E-06	-4.4195E-06
11821	-0.00046862	 0.19636E-03	-7.3962E-06	-0.38450E-03	-2.7859E-06	-0.000010645
11822	0.00052983	-0.21635E-03	-2.9091E-06	 0.43592E-03	-1.0219E-06	-3.5137E-06
11822	-0.00049001	 0.20453E-03	-7.1551E-06	-0.40575E-03	-3.0872E-06	-0.000011662
11823	0.00055073	-0.22423E-03	-2.2287E-06	 0.46056E-03	-8.0229E-07	-2.6672E-06
11823	-0.00051136	 0.21224E-03	-6.8947E-06	-0.43004E-03	-3.3937E-06	-0.000012602
11824	0.00057223	-0.23217E-03	-1.6408E-06	 0.48662E-03	-5.9893E-07	-1.9062E-06
11824	-0.00053333	 0.22006E-03	-6.6349E-06	-0.45577E-03	-3.6832E-06	-0.000013441
11825	0.00059488	-0.24074E-03	-1.0954E-06	 0.51230E-03	-4.1568E-07	-1.2476E-06
11825	-0.00055638	 0.22846E-03	-6.3267E-06	-0.48117E-03	-3.9325E-06	-0.000014158
11826	0.00061859	-0.25004E-03	-5.6678E-07	 0.53671E-03	-2.6566E-07	-7.282E-07
11826	-0.00058063	 0.23758E-03	-0.00000591	-0.50556E-03	-4.1233E-06	-0.000014719
11827	0.00064268	-0.25941E-03	-1.5588E-07	 0.56156E-03	-1.6541E-07	-3.9439E-07
11827	-0.0006054	 0.24691E-03	-5.5394E-06	-0.53057E-03	-4.2572E-06	-0.000015074
11828	0.00066646	-0.26802E-03	2.4225E-07	 0.59045E-03	-1.2572E-07	-2.7859E-07
11828	-0.00062966	 0.25538E-03	-5.0571E-06	-0.55921E-03	-4.3508E-06	-0.000015184
11829	0.00068963	-0.27529E-03	5.7514E-07	 0.62567E-03	-1.6123E-07	-4.1582E-07
11829	-0.00065307	 0.26250E-03	-0.000004579	-0.59368E-03	-4.4038E-06	-0.000015015
11830	0.0007123	-0.28118E-03	7.7834E-07	 0.66753E-03	-2.8659E-07	-8.3905E-07
11830	-0.00067605	 0.26840E-03	-4.1786E-06	-0.63460E-03	-4.4006E-06	-0.000014543
11831	0.00073515	-0.28621E-03	9.9532E-07	 0.71488E-03	-5.1144E-07	-1.5514E-06
11831	-0.00069939	 0.27353E-03	-0.000003739	-0.68099E-03	-4.3181E-06	-0.000013774
11832	0.00075915	-0.29118E-03	1.1132E-06	 0.76550E-03	-8.477E-07	-2.5559E-06
11832	-0.00072392	 0.27867E-03	-3.3452E-06	-0.73072E-03	-0.000004127	-0.000012719
11833	0.00078527	-0.29699E-03	1.2139E-06	 0.81729E-03	-1.3029E-06	-3.8613E-06
11833	-0.00075052	 0.28464E-03	-2.9533E-06	-0.78173E-03	-3.8076E-06	-0.00001139
11834	0.00075612	-0.28259E-03	0.000001044	 0.80647E-03	-1.8017E-06	-5.2452E-06
11834	-0.00072802	 0.27263E-03	-0.00000227	-0.77698E-03	-0.000003285	-9.5963E-06
11835	0.00047986	-0.17784E-03	4.7194E-07	 0.51995E-03	-1.7573E-06	-5.0465E-06
11835	-0.00050341	 0.18673E-03	-1.0732E-06	-0.54616E-03	-2.2081E-06	-6.3457E-06
11836	0.000066004	-0.24262E-04	-2.4178E-07	 0.71786E-04	-1.1269E-06	-3.2004E-06
11836	-0.00016663	 0.61300E-04	-2.8928E-08	-0.18275E-03	-1.1008E-06	-3.1267E-06
11837	-0.00011126	 0.40713E-04	2.7919E-08	-0.12313E-03	-5.6606E-07	-1.5987E-06
11837	-0.000044412	 0.16209E-04	8.5098E-08	-0.49181E-04	-5.4628E-07	-1.5429E-06
11838	-0.00010221	 0.37413E-04	1.9557E-08	-0.11308E-03	-2.1658E-07	-6.1079E-07
11838	-0.000097816	 0.35815E-04	2.6771E-08	-0.10812E-03	-2.1719E-07	-6.1254E-07
11839	-0.00012779	 0.47174E-04	-1.9298E-07	-0.13971E-03	2.6015E-08	7.6313E-08
11839	-0.00010919	 0.40236E-04	-1.4643E-07	-0.11973E-03	2.8496E-08	8.3421E-08
11840	-0.00017839	 0.66361E-04	-2.9236E-07	-0.19221E-03	2.6971E-07	7.824E-07
11840	-0.000068297	 0.25381E-04	-1.6465E-07	-0.73882E-04	2.5446E-07	7.3781E-07
11841	0.000094122	-0.34803E-04	-4.2029E-07	 0.10097E-03	5.855E-07	1.7021E-06
11841	-0.00028835	 0.10735E-03	-7.2869E-08	-0.30901E-03	5.6708E-07	1.6483E-06
11842	0.00075642	-0.27767E-03	-9.1137E-07	 0.83007E-03	1.0836E-06	3.0908E-06
11842	-0.00082963	 0.30544E-03	-2.9428E-07	-0.90893E-03	1.0081E-06	2.8766E-06
11843	0.0011782	-0.42591E-03	-1.4473E-06	 0.13298E-02	1.4804E-06	4.1051E-06
11843	-0.0011669	 0.42293E-03	-0.00000104	-0.13177E-02	0.000001192	3.3131E-06
11844	0.0011912	-0.42361E-03	-1.9202E-06	 0.13815E-02	1.5328E-06	4.1435E-06
11844	-0.0011693	 0.41719E-03	-1.1898E-06	-0.13574E-02	1.0501E-06	2.8496E-06
11845	0.0011183	-0.39544E-03	-2.0906E-06	 0.13085E-02	1.4525E-06	3.8908E-06
11845	-0.0010956	 0.38897E-03	-1.5405E-06	-0.12833E-02	8.7382E-07	2.3571E-06
11846	0.0010497	-0.37192E-03	-2.4097E-06	 0.12231E-02	1.3248E-06	3.5564E-06
11846	-0.0010267	 0.36560E-03	-1.8993E-06	-0.11978E-02	6.9596E-07	1.8901E-06
11847	0.00097908	-0.34633E-03	-2.4627E-06	 0.11433E-02	0.000001164	3.1147E-06
11847	-0.00095597	 0.34018E-03	-2.2664E-06	-0.11180E-02	5.4493E-07	1.4842E-06
11848	0.00090307	-0.31488E-03	-2.5397E-06	 0.10781E-02	0.000001013	2.6537E-06
11848	-0.00087961	 0.30883E-03	-2.4582E-06	-0.10520E-02	3.9642E-07	0.000001069
11849	0.00082315	-0.27922E-03	-2.3917E-06	 0.10232E-02	9.0253E-07	2.2779E-06
11849	-0.00079949	 0.27340E-03	-2.8065E-06	-0.99577E-03	2.1145E-07	5.6591E-07
11850	0.0007436	-0.24315E-03	-2.2158E-06	 0.97009E-03	8.3409E-07	2.0158E-06
11850	-0.00071997	 0.23772E-03	-3.2415E-06	-0.94148E-03	-2.6054E-08	-3.4552E-08
11851	0.00066798	-0.21001E-03	-0.00000192	 0.91280E-03	8.1301E-07	1.8853E-06
11851	-0.00064443	 0.20486E-03	-3.4817E-06	-0.88291E-03	-3.3152E-07	-7.4798E-07
11852	0.00059801	-0.18153E-03	-1.6818E-06	 0.84814E-03	8.3594E-07	1.8761E-06
11852	-0.0005745	 0.17667E-03	-3.8323E-06	-0.81723E-03	-7.051E-07	-1.5734E-06
11853	0.00053337	-0.15783E-03	-0.00000141	 0.77567E-03	8.8247E-07	1.9381E-06
11853	-0.0005099	 0.15315E-03	-0.000004106	-0.74406E-03	-1.1221E-06	-2.4698E-06
11854	0.00047291	-0.13796E-03	-1.0553E-06	 0.69728E-03	9.4339E-07	2.0475E-06
11854	-0.00044944	 0.13333E-03	-4.3673E-06	-0.66519E-03	-1.5627E-06	-3.4125E-06
11855	0.00041503	-0.12037E-03	-7.7946E-07	 0.61547E-03	1.0203E-06	2.2039E-06
11855	-0.00039154	 0.11575E-03	-4.5652E-06	-0.58316E-03	-2.0132E-06	-0.000004384
11856	0.00035815	-0.10375E-03	-4.2517E-07	 0.53225E-03	1.1142E-06	2.4041E-06
11856	-0.00033471	 0.99036E-04	-4.6218E-06	-0.49981E-03	-2.4575E-06	-5.3495E-06
11857	0.00030143	-0.87279E-04	-7.572E-08	 0.44882E-03	1.2269E-06	2.6466E-06
11857	-0.00027811	 0.82462E-04	-4.6212E-06	-0.41633E-03	-2.8816E-06	-6.2696E-06
11858	0.00024468	-0.70765E-04	2.8806E-07	 0.36552E-03	1.3603E-06	2.9322E-06
11858	-0.00022159	 0.65849E-04	-4.5395E-06	-0.33305E-03	-3.2728E-06	-7.1099E-06
11859	0.00018812	-0.54364E-04	6.6094E-07	 0.28225E-03	0.000001514	3.2611E-06
11859	-0.00016527	 0.49322E-04	-4.3724E-06	-0.24977E-03	-3.6172E-06	-7.8421E-06
11860	0.00013195	-0.38265E-04	1.0097E-06	 0.19865E-03	1.6837E-06	3.6313E-06
11860	-0.00010933	 0.33069E-04	-4.1502E-06	-0.16619E-03	-3.8965E-06	-8.4448E-06
11861	0.000076037	-0.22387E-04	1.3118E-06	 0.11466E-03	1.8623E-06	4.0363E-06
11861	-0.000053672	 0.16991E-04	-3.8298E-06	-0.82353E-04	-4.0887E-06	-8.8889E-06
11862	0.000019827	-0.64009E-05	1.6746E-06	 0.30468E-04	2.0634E-06	4.5024E-06
11862	2.2692E-06	 0.77224E-06	-3.5081E-06	 0.16325E-05	-4.1944E-06	-9.1636E-06
11863	-0.000036658	 0.97712E-05	1.9667E-06	-0.53813E-04	0.000002308	5.0552E-06
11863	0.000058468	-0.15605E-04	-3.1093E-06	 0.85806E-04	-0.000004227	-9.2561E-06
11864	-0.000092388	 0.25447E-04	2.2208E-06	-0.13831E-03	2.5991E-06	5.6701E-06
11864	0.00011388	-0.31398E-04	-2.7014E-06	 0.17043E-03	-4.1876E-06	-9.1267E-06
11865	-0.00014623	 0.39707E-04	2.3179E-06	-0.22423E-03	2.9328E-06	6.3096E-06
11865	0.00016736	-0.45624E-04	-2.2594E-06	 0.25675E-03	-4.0776E-06	-8.7657E-06
11866	-0.00019718	 0.51688E-04	2.2988E-06	-0.31237E-03	3.2914E-06	6.9258E-06
11866	0.00021801	-0.57394E-04	-1.9757E-06	 0.34557E-03	-0.000003902	-8.2139E-06
11867	-0.00024481	 0.61149E-04	2.1972E-06	-0.40227E-03	3.6185E-06	7.4228E-06
11867	0.00026536	-0.66545E-04	-1.7618E-06	 0.43630E-03	-3.6529E-06	-7.5114E-06
11868	-0.00028983	 0.68980E-04	1.8266E-06	-0.49231E-03	3.8396E-06	7.7055E-06
11868	0.0003102	-0.73961E-04	-1.6472E-06	 0.52703E-03	-3.3276E-06	-6.7143E-06
11869	-0.00033422	 0.76912E-04	1.3845E-06	-0.58019E-03	3.8808E-06	0.000007696
11869	0.00035459	-0.81559E-04	-1.5835E-06	 0.61548E-03	-2.9335E-06	-5.8761E-06
11870	-0.00038018	 0.86669E-04	8.8747E-07	-0.66485E-03	0.000003687	7.3206E-06
11870	0.00040073	-0.91125E-04	-1.5167E-06	 0.70046E-03	-2.4709E-06	-4.9923E-06
11871	-0.00042846	 0.98651E-04	3.8782E-07	-0.74662E-03	3.2644E-06	6.5685E-06
11871	0.00044921	-0.10300E-03	-1.4885E-06	 0.78218E-03	-1.9563E-06	-4.0555E-06
11872	-0.00047865	 0.11230E-03	-1.0205E-07	-0.82661E-03	2.6573E-06	5.4784E-06
11872	0.00049957	-0.11663E-03	-1.3538E-06	 0.86196E-03	-1.4063E-06	-3.0588E-06
11873	-0.00053037	 0.12713E-03	-5.5029E-07	-0.90575E-03	1.9084E-06	4.1008E-06
11873	0.00055149	-0.13150E-03	-1.1679E-06	 0.94087E-03	-8.1675E-07	-1.9724E-06
11874	-0.00058387	 0.14324E-03	-9.1536E-07	-0.98410E-03	1.0638E-06	0.00000251
11874	0.00060513	-0.14769E-03	-9.5108E-07	 0.10189E-02	-1.8164E-07	-7.7474E-07
11875	-0.00063931	 0.16072E-03	-1.2144E-06	-0.10617E-02	1.7517E-07	7.9504E-07
11875	0.00066057	-0.16530E-03	-6.6627E-07	 0.10960E-02	4.995E-07	5.449E-07
11876	-0.00069554	 0.17860E-03	-1.5076E-06	-0.11396E-02	-7.1666E-07	-9.7087E-07
11876	0.0007168	-0.18326E-03	-0.000000416	 0.11734E-02	1.2336E-06	2.0066E-06
11877	-0.00075011	 0.19441E-03	-1.6893E-06	-0.12215E-02	-1.5782E-06	-2.7031E-06
11877	0.00077132	-0.19918E-03	-7.7426E-08	 0.12551E-02	2.0222E-06	3.5961E-06
11878	-0.00080008	 0.20532E-03	-1.7909E-06	-0.13115E-02	-0.000002401	-4.3368E-06
11878	0.00082109	-0.21000E-03	4.3162E-08	 0.13450E-02	2.8705E-06	5.2769E-06
11879	-0.00084284	 0.20940E-03	-1.9951E-06	-0.14109E-02	-3.1771E-06	-5.8032E-06
11879	0.00086363	-0.21384E-03	1.9995E-07	 0.14447E-02	3.7617E-06	6.9568E-06
11880	-0.00087802	 0.20643E-03	-0.000001885	-0.15181E-02	-3.9114E-06	-0.000007087
11880	0.00089837	-0.21063E-03	4.4421E-07	 0.15525E-02	4.6735E-06	8.5561E-06
11881	-0.00090871	 0.19962E-03	-2.0537E-06	-0.16286E-02	-0.000004612	-8.2305E-06
11881	0.00092872	-0.20332E-03	3.0767E-07	 0.16634E-02	5.5752E-06	0.000010041
11882	-0.00094135	 0.19509E-03	-0.000001697	-0.17331E-02	-5.2313E-06	-0.000009235
11882	0.00096118	-0.19863E-03	2.5971E-07	 0.17688E-02	6.3772E-06	0.000011348
11883	-0.00098329	 0.20035E-03	-1.4893E-06	-0.18234E-02	-5.6925E-06	-0.000010071
11883	0.0010031	-0.20383E-03	9.4541E-08	 0.18593E-02	6.9637E-06	0.000012405
11884	-0.0010382	 0.21857E-03	-1.4092E-06	-0.18970E-02	-5.9379E-06	-0.00001069
11884	0.001058	-0.22210E-03	-1.908E-07	 0.19322E-02	0.000007259	0.000013144
11885	-0.0011034	 0.24625E-03	-9.0621E-07	-0.19586E-02	-5.9232E-06	-0.000010958
11885	0.0011235	-0.25018E-03	-4.8654E-07	 0.19935E-02	7.2261E-06	0.000013433
11886	-0.0011711	 0.27559E-03	-5.9314E-07	-0.20196E-02	-5.6483E-06	-0.000010736
11886	0.0011916	-0.27984E-03	-8.9126E-07	 0.20543E-02	6.8829E-06	0.000013134
11887	-0.0012343	 0.30011E-03	-2.6484E-07	-0.20879E-02	-5.1318E-06	-9.9482E-06
11887	0.001255	-0.30451E-03	-1.3415E-06	 0.21222E-02	0.000006269	0.000012192
11888	-0.0012912	 0.31852E-03	-7.6267E-08	-0.21647E-02	-4.3369E-06	-8.5044E-06
11888	0.0013123	-0.32306E-03	-1.5742E-06	 0.21992E-02	5.3672E-06	0.000010553
11889	-0.0013418	 0.33138E-03	-1.5264E-07	-0.22481E-02	-3.1752E-06	-6.2553E-06
11889	0.0013633	-0.33610E-03	-1.3242E-06	 0.22833E-02	4.1057E-06	0.000008107
11890	-0.0012918	 0.31548E-03	-4.3046E-07	-0.21798E-02	-1.6906E-06	-3.3246E-06
11890	0.0013144	-0.32050E-03	-8.1004E-07	 0.22173E-02	2.5366E-06	4.9992E-06
11891	-0.00084551	 0.20139E-03	-2.2552E-07	-0.14478E-02	-2.8853E-07	-5.6251E-07
11891	0.00087364	-0.20756E-03	-8.409E-07	 0.14958E-02	1.0399E-06	2.0272E-06
11892	-0.00019251	 0.44946E-04	5.2802E-07	-0.33222E-03	3.5167E-07	6.6045E-07
11892	0.00021999	-0.50714E-04	-1.2074E-06	 0.38095E-03	3.2587E-07	6.1853E-07
11893	0.00006015	-0.11773E-04	-3.9832E-07	 0.11239E-03	3.6583E-07	6.6186E-07
11893	-0.000046884	 0.93419E-05	-2.2687E-07	-0.88085E-04	3.1198E-07	5.648E-07
11894	0.000009794	-0.17889E-05	-2.5152E-07	 0.18423E-04	3.8012E-07	6.6314E-07
11894	-0.000013626	 0.25953E-05	-4.1131E-07	-0.26791E-04	3.6484E-07	6.3716E-07
11895	0.000016458	-0.22572E-05	-3.2151E-07	 0.34004E-04	3.9275E-07	6.7225E-07
11895	-0.00003099	 0.47110E-05	-3.5028E-07	-0.64245E-04	4.7988E-07	8.1968E-07
11896	-4.5111E-06	 0.85387E-06	-4.2184E-07	-0.94774E-05	4.8319E-07	8.2214E-07
11896	-7.8886E-06	 0.13154E-05	-4.767E-07	-0.16707E-04	5.7234E-07	9.7375E-07
11897	-0.00033568	 0.52445E-04	-4.189E-07	-0.68373E-03	5.3003E-07	9.0695E-07
11897	0.00034045	-0.52911E-04	-4.1487E-07	 0.69278E-03	7.668E-07	1.3127E-06
11898	-0.00080487	 0.13096E-03	-1.4527E-06	-0.16206E-02	-5.9301E-07	-1.0386E-06
11898	0.00083164	-0.13487E-03	2.3716E-07	 0.16737E-02	1.9745E-06	3.4281E-06
11899	-0.00094887	 0.15682E-03	-2.6608E-06	-0.19034E-02	-2.6774E-06	-4.6783E-06
11899	0.00098483	-0.16231E-03	1.5596E-06	 0.19748E-02	0.000003765	6.5697E-06
11900	-0.00085369	 0.13086E-03	-3.7265E-07	-0.17467E-02	-4.1764E-06	-7.1958E-06
11900	0.00088852	-0.13598E-03	-1.6766E-07	 0.18177E-02	4.8786E-06	8.4028E-06
11901	-0.00074547	 0.91525E-04	2.3024E-06	-0.16038E-02	-4.6515E-06	-7.7494E-06
11901	0.00077846	-0.95593E-04	-2.2663E-06	 0.16750E-02	5.1682E-06	8.6066E-06
11902	-0.00063076	 0.47549E-04	5.0347E-06	-0.14579E-02	-4.1474E-06	-6.6178E-06
11902	0.00066159	-0.50143E-04	-4.3574E-06	 0.15300E-02	4.6151E-06	7.3568E-06
11903	-0.00052188	 0.13275E-04	6.3549E-06	-0.12926E-02	-3.0273E-06	-4.6438E-06
11903	0.00055121	-0.13988E-04	-6.6737E-06	 0.13654E-02	3.4073E-06	5.2201E-06
11904	-0.00042711	-0.31241E-05	6.7076E-06	-0.11025E-02	-1.5227E-06	-2.3056E-06
11904	0.00045586	 0.36628E-05	-8.1123E-06	 0.11760E-02	1.5951E-06	2.4188E-06
11905	-0.00034434	-0.54480E-05	6.0349E-06	-0.89747E-03	5.0471E-08	-4.7328E-09
11905	0.00037345	 0.66294E-05	-8.8452E-06	 0.97141E-03	-5.1801E-07	-6.6685E-07
11906	-0.00026556	-0.35030E-05	5.1265E-06	-0.68892E-03	0.000001202	1.6854E-06
11906	0.00029503	 0.48465E-05	-8.7163E-06	 0.76283E-03	-2.3101E-06	-0.000003288
11907	-0.00018426	-0.39584E-05	4.0674E-06	-0.48213E-03	0.000001959	2.7808E-06
11907	0.00021339	 0.56610E-05	-7.9196E-06	 0.55587E-03	-0.000003692	-5.2661E-06
11908	-0.00010092	-0.53164E-05	3.0941E-06	-0.27282E-03	2.4172E-06	3.3648E-06
11908	0.00012874	 0.79549E-05	-6.9166E-06	 0.34630E-03	-4.7071E-06	-6.5596E-06
11909	-0.000020062	-0.13780E-05	1.6822E-06	-0.53345E-04	2.5813E-06	3.4622E-06
11909	0.000045931	 0.55023E-05	-5.6919E-06	 0.12622E-03	-5.3538E-06	-7.1731E-06
11910	0.00005451	 0.11728E-04	9.5419E-08	 0.17879E-03	2.4474E-06	3.1527E-06
11910	-0.00003066	-0.61095E-05	-4.2905E-06	-0.10680E-03	-5.6364E-06	-0.000007243
11911	0.00012281	 0.33195E-04	-1.3463E-06	 0.42077E-03	1.9318E-06	2.4109E-06
11911	-0.00010056	-0.26405E-04	-0.000003033	-0.34967E-03	-5.5083E-06	-6.8439E-06
11912	0.00018587	 0.61011E-04	-2.4305E-06	 0.66874E-03	8.7915E-07	1.0773E-06
11912	-0.00016493	-0.53382E-04	-0.000001865	-0.59837E-03	-4.9361E-06	-5.9687E-06
11913	0.00024163	 0.96957E-04	-2.9362E-06	 0.92237E-03	-6.4305E-07	-7.2365E-07
11913	-0.00022234	-0.88695E-04	-6.2847E-07	-0.85315E-03	-0.000004078	-4.8004E-06
11914	0.00023132	 0.11657E-03	-1.8986E-06	 0.95426E-03	-8.9161E-07	-9.9722E-07
11914	-0.00018539	-0.90500E-04	-2.7723E-08	-0.75902E-03	-0.000003935	-4.4445E-06
11915	0.00012249	 0.78542E-04	-5.4968E-07	 0.55461E-03	-7.244E-07	-7.8625E-07
11915	-0.000050029	-0.26865E-04	-1.6935E-07	-0.21241E-03	-2.9697E-06	-3.1801E-06
11916	0.000017544	 0.12097E-04	7.8515E-08	 0.82299E-04	-9.9982E-07	-0.000001009
11916	0.000015097	 0.14184E-04	1.1775E-07	 0.81370E-04	-1.1179E-06	-1.1322E-06
11917	-0.000031864	-0.50188E-04	2.7297E-07	-0.22626E-03	-3.2424E-07	-3.1591E-07
11917	-4.8094E-06	-0.10130E-04	2.1976E-07	-0.40769E-04	-3.2088E-07	-3.1128E-07
11918	-0.000036715	-0.69035E-04	1.7502E-07	-0.29108E-03	5.928E-07	5.1623E-07
11918	-0.000036711	-0.78286E-04	4.2213E-07	-0.31537E-03	4.7944E-07	4.1624E-07
11919	0.000041367	 0.13700E-03	5.7375E-07	 0.48649E-03	1.8426E-06	1.5507E-06
11919	-0.000099376	-0.28340E-03	3.8557E-07	-0.10446E-02	1.7888E-06	1.5034E-06
11920	0.00012772	 0.49644E-03	1.3671E-06	 0.16932E-02	3.4416E-06	2.7791E-06
11920	-0.00014536	-0.55056E-03	-1.8656E-06	-0.18898E-02	2.8632E-06	2.3171E-06
11921	0.0001165	 0.66034E-03	2.4706E-06	 0.20883E-02	4.4147E-06	3.4043E-06
11921	-0.00011549	-0.65697E-03	-4.0488E-06	-0.20793E-02	2.8802E-06	2.2309E-06
11922	0.000054103	 0.65368E-03	0.000001737	 0.18713E-02	4.6111E-06	0.00000335
11922	-0.00005317	-0.65005E-03	-3.8967E-06	-0.18629E-02	2.5212E-06	1.8496E-06
11923	-6.1114E-06	 0.64640E-03	1.0679E-06	 0.16522E-02	4.5694E-06	3.0925E-06
11923	6.8542E-06	-0.64245E-03	-3.5099E-06	-0.16441E-02	2.4666E-06	1.6867E-06
11924	-0.000062903	 0.63703E-03	1.1627E-07	 0.14286E-02	4.3974E-06	2.7325E-06
11924	0.000063466	-0.63241E-03	-3.0655E-06	-0.14204E-02	0.000002623	1.6359E-06
11925	-0.00011259	 0.62190E-03	-9.1662E-07	 0.12025E-02	4.2709E-06	0.000002381
11925	0.00011296	-0.61635E-03	-2.7889E-06	-0.11941E-02	2.8262E-06	1.5866E-06
11926	-0.0001505	 0.59554E-03	-1.9742E-06	 0.97646E-03	4.1241E-06	0.000002024
11926	0.0001506	-0.58886E-03	-2.5812E-06	-0.96797E-03	0.000003135	1.5471E-06
11927	-0.0001737	 0.55502E-03	-2.6657E-06	 0.75720E-03	0.000003985	1.6789E-06
11927	0.00017346	-0.54695E-03	-2.8655E-06	-0.74869E-03	3.5134E-06	1.4879E-06
11928	-0.00018079	 0.49974E-03	-3.4445E-06	 0.55256E-03	3.9591E-06	1.3831E-06
11928	0.00018011	-0.49006E-03	-3.1303E-06	-0.54432E-03	3.8426E-06	1.3552E-06
11929	-0.00017189	 0.42994E-03	-4.1127E-06	 0.37052E-03	3.9635E-06	0.000001099
11929	0.00017063	-0.41849E-03	-3.4694E-06	-0.36291E-03	4.1731E-06	1.1663E-06
11930	-0.00014858	 0.34775E-03	-4.8007E-06	 0.21892E-03	4.1022E-06	8.3718E-07
11930	0.00014671	-0.33439E-03	-3.7996E-06	-0.21246E-03	4.3617E-06	8.965E-07
11931	-0.00011362	 0.25586E-03	-5.3751E-06	 0.10444E-03	0.000004252	5.5434E-07
11931	0.00011109	-0.24065E-03	-4.0931E-06	-0.99778E-04	4.4912E-06	5.8862E-07
11932	-0.000070892	 0.15820E-03	-5.7924E-06	 0.31656E-04	4.4116E-06	2.4936E-07
11932	0.000067808	-0.14124E-03	-4.4973E-06	-0.29445E-04	4.5177E-06	2.5505E-07
11933	-0.00002547	 0.60351E-04	-6.0945E-06	 0.22177E-05	4.5565E-06	-8.0756E-08
11933	0.000021979	-0.41902E-04	-4.8827E-06	-0.30745E-05	4.4299E-06	-8.0778E-08
11934	0.000017607	-0.32356E-04	-6.2115E-06	 0.14454E-04	4.5685E-06	-4.2174E-07
11934	-0.00002129	 0.51988E-04	-5.3094E-06	-0.18895E-04	4.3268E-06	-4.0309E-07
11935	0.000053737	-0.11461E-03	-6.4916E-06	 0.63363E-04	4.3376E-06	-7.4241E-07
11935	-0.000057353	 0.13504E-03	-5.4005E-06	-0.71792E-04	4.2996E-06	-7.1275E-07
11936	0.000079136	-0.18247E-03	-0.000006587	 0.14160E-03	4.2074E-06	-1.0195E-06
11936	-0.000082409	 0.20329E-03	-5.4605E-06	-0.15428E-03	3.9865E-06	-9.881E-07
11937	0.000092263	-0.23492E-03	-6.5882E-06	 0.24090E-03	4.0105E-06	-1.2625E-06
11937	-0.000094874	 0.25565E-03	-5.4541E-06	-0.25783E-03	3.5624E-06	-1.1754E-06
11938	0.000092254	-0.27099E-03	-0.000006372	 0.35200E-03	3.4488E-06	-1.3656E-06
11938	-0.000093905	 0.29114E-03	-5.4795E-06	-0.37292E-03	3.3771E-06	-1.3617E-06
11939	0.000079441	-0.29054E-03	-6.0946E-06	 0.46599E-03	2.8747E-06	-1.3649E-06
11939	-0.000079898	 0.30970E-03	-5.4036E-06	-0.49052E-03	0.000003108	-1.4932E-06
11940	0.00005564	-0.29542E-03	-5.8208E-06	 0.57543E-03	2.2311E-06	-0.000001235
11940	-0.000054741	 0.31332E-03	-5.2065E-06	-0.60314E-03	2.8362E-06	-1.5831E-06
11941	0.000023641	-0.28855E-03	-5.4415E-06	 0.67441E-03	1.5702E-06	-9.8768E-07
11941	-0.000021362	 0.30492E-03	-4.8477E-06	-0.70472E-03	2.5499E-06	-1.6228E-06
11942	-0.000012652	-0.27421E-03	-5.0411E-06	 0.75980E-03	8.9234E-07	-6.2483E-07
11942	0.000016294	 0.28898E-03	-0.000004528	-0.79198E-03	2.2828E-06	-1.6212E-06
11943	-0.000049532	-0.25661E-03	-4.5313E-06	 0.83091E-03	2.3311E-07	-1.7322E-07
11943	0.000054361	 0.26982E-03	-4.1796E-06	-0.86444E-03	2.0271E-06	-1.5775E-06
11944	-0.000084817	-0.23815E-03	-3.9032E-06	 0.88894E-03	-3.9588E-07	3.4229E-07
11944	0.00009057	 0.24987E-03	-3.6992E-06	-0.92338E-03	0.000001786	-1.5006E-06
11945	-0.00011836	-0.21918E-03	-3.4014E-06	 0.93626E-03	-9.7484E-07	8.8867E-07
11945	0.00012494	 0.22954E-03	-3.2817E-06	-0.97116E-03	1.5434E-06	-1.3885E-06
11946	-0.00015238	-0.19776E-03	-2.7747E-06	 0.97440E-03	-1.4891E-06	1.4296E-06
11946	0.0001597	 0.20674E-03	-2.7202E-06	-0.10098E-02	1.2949E-06	-1.2335E-06
11947	-0.0001893	-0.17144E-03	-2.1406E-06	 0.10035E-02	-1.9627E-06	1.9779E-06
11947	0.00019745	 0.17896E-03	-2.1863E-06	-0.10392E-02	1.0812E-06	-1.0688E-06
11948	-0.00022907	-0.14019E-03	-1.5454E-06	 0.10223E-02	-2.3292E-06	0.000002516
11948	0.00023809	 0.14612E-03	-1.6576E-06	-0.10579E-02	8.5375E-07	-8.9495E-07
11949	-0.00026824	-0.10728E-03	-9.0893E-07	 0.10299E-02	-2.6018E-06	3.0234E-06
11949	0.00027813	 0.11163E-03	-1.0883E-06	-0.10654E-02	6.3612E-07	-7.1648E-07
11950	-0.00030067	-0.79010E-04	-2.4287E-07	 0.10295E-02	-2.8063E-06	3.4509E-06
11950	0.00031127	 0.81967E-04	-4.7522E-07	-0.10650E-02	4.5478E-07	-5.3231E-07
11951	-0.00032212	-0.60132E-04	3.0995E-07	 0.10265E-02	-2.9368E-06	3.7506E-06
11951	0.0003331	 0.62082E-04	5.9306E-08	-0.10619E-02	2.8831E-07	-3.3733E-07
11952	-0.00033453	-0.49339E-04	9.3125E-07	 0.10239E-02	-3.0112E-06	3.9346E-06
11952	0.00034558	 0.50525E-04	6.5834E-07	-0.10593E-02	1.3627E-07	-1.4693E-07
11953	-0.00034524	-0.39535E-04	1.5235E-06	 0.10194E-02	-3.0201E-06	4.0109E-06
11953	0.00035633	 0.40005E-04	1.2458E-06	-0.10548E-02	3.4509E-09	4.662E-08
11954	-0.00036086	-0.24039E-04	2.1005E-06	 0.10087E-02	-2.9489E-06	0.000004034
11954	0.00037204	 0.23586E-04	0.000001848	-0.10436E-02	-1.2507E-07	2.3777E-07
11955	-0.00038182	-0.19542E-05	2.6344E-06	 0.98882E-03	-2.7947E-06	4.0119E-06
11955	0.00039329	 0.37681E-06	2.4191E-06	-0.10228E-02	-2.5928E-07	4.3719E-07
11956	-0.00040167	 0.20554E-04	3.1635E-06	 0.96252E-03	-2.6056E-06	3.9264E-06
11956	0.00041353	-0.23262E-04	2.9748E-06	-0.99573E-03	-3.6081E-07	6.1797E-07
11957	-0.00041303	 0.35915E-04	3.6358E-06	 0.93732E-03	-2.4047E-06	3.7519E-06
11957	0.00042507	-0.39484E-04	3.4953E-06	-0.96991E-03	-4.4044E-07	7.692E-07
11958	-0.00041525	 0.43073E-04	3.9834E-06	 0.91688E-03	-2.1986E-06	3.4857E-06
11958	0.00042726	-0.47160E-04	3.9279E-06	-0.94907E-03	-5.0521E-07	8.9305E-07
11959	-0.00041508	 0.48350E-04	4.4011E-06	 0.89648E-03	-1.9816E-06	3.1846E-06
11959	0.00042702	-0.52948E-04	4.4238E-06	-0.92847E-03	-5.5062E-07	9.7912E-07
11960	-0.00041948	 0.58883E-04	4.6726E-06	 0.86855E-03	-1.7292E-06	0.000002854
11960	0.00043154	-0.64089E-04	4.7923E-06	-0.89990E-03	-5.8408E-07	1.0641E-06
11961	-0.00042765	 0.74209E-04	4.9822E-06	 0.83135E-03	-1.4655E-06	2.5169E-06
11961	0.00043993	-0.80218E-04	5.1631E-06	-0.86164E-03	-5.8553E-07	1.1199E-06
11962	-0.00043144	 0.86371E-04	5.2457E-06	 0.79357E-03	-1.2243E-06	2.1799E-06
11962	0.00044385	-0.93047E-04	5.4791E-06	-0.82282E-03	-5.4781E-07	1.0965E-06
11963	-0.00042397	 0.88149E-04	5.3475E-06	 0.76646E-03	-1.0113E-06	1.8136E-06
11963	0.00043634	-0.95050E-04	5.6607E-06	-0.79531E-03	-4.8461E-07	9.9283E-07
11964	-0.00040718	 0.80599E-04	0.000005625	 0.75116E-03	-8.2543E-07	1.4457E-06
11964	0.00041922	-0.87502E-04	5.9584E-06	-0.78035E-03	-3.9426E-07	8.112E-07
11965	-0.00039107	 0.73495E-04	5.5614E-06	 0.73657E-03	-6.3248E-07	1.0731E-06
11965	0.00040298	-0.80175E-04	5.9107E-06	-0.76605E-03	-3.0729E-07	6.3858E-07
11966	-0.00038425	 0.75534E-04	0.000005691	 0.71009E-03	-4.1316E-07	6.8466E-07
11966	0.00039644	-0.82479E-04	5.9506E-06	-0.73963E-03	-2.6044E-07	5.5805E-07
11967	-0.0003853	 0.86450E-04	5.6764E-06	 0.66881E-03	-1.8498E-07	2.797E-07
11967	0.00039836	-0.93985E-04	5.8275E-06	-0.69796E-03	-2.5772E-07	5.7672E-07
11968	-0.00038576	 0.98170E-04	5.6227E-06	 0.62112E-03	1.8786E-08	-1.1524E-07
11968	0.00039957	-0.10635E-03	5.7569E-06	-0.64932E-03	-2.7023E-07	6.3353E-07
11969	-0.00037811	 0.10310E-03	5.4581E-06	 0.57910E-03	1.7892E-07	-4.5392E-07
11969	0.00039248	-0.11162E-03	5.5734E-06	-0.60661E-03	-2.6601E-07	6.4552E-07
11970	-0.00036236	 0.10053E-03	5.3827E-06	 0.54698E-03	2.9172E-07	-6.9587E-07
11970	0.00037701	-0.10912E-03	5.4293E-06	-0.57445E-03	-2.2479E-07	5.5943E-07
11971	-0.00034258	 0.94035E-04	5.1578E-06	 0.52146E-03	3.6512E-07	-8.4342E-07
11971	0.00035731	-0.10239E-03	5.1458E-06	-0.54903E-03	-1.476E-07	3.8602E-07
11972	-0.00032282	 0.87298E-04	4.9964E-06	 0.49690E-03	4.0915E-07	-9.2537E-07
11972	0.00033752	-0.95405E-04	4.8973E-06	-0.52454E-03	-4.9827E-08	1.7044E-07
11973	-0.00030475	 0.82153E-04	4.8061E-06	 0.47002E-03	4.3369E-07	-9.721E-07
11973	0.00031959	-0.90084E-04	4.5943E-06	-0.49768E-03	4.9887E-08	-4.5753E-08
11974	-0.00028809	 0.78456E-04	4.6044E-06	 0.44066E-03	4.5052E-07	-1.0109E-06
11974	0.00030313	-0.86271E-04	4.2486E-06	-0.46813E-03	1.3544E-07	-2.3301E-07
11975	-0.00027222	 0.75775E-04	4.3963E-06	 0.40895E-03	4.685E-07	-1.0611E-06
11975	0.0002875	-0.83530E-04	3.8748E-06	-0.43601E-03	1.9738E-07	-3.7486E-07
11976	-0.00025645	 0.73617E-04	4.1778E-06	 0.37505E-03	4.8769E-07	-1.1234E-06
11976	0.00027201	-0.81358E-04	3.4769E-06	-0.40151E-03	2.3721E-07	-4.7583E-07
11977	-0.00024004	 0.71453E-04	3.9021E-06	 0.33926E-03	5.0286E-07	-1.1862E-06
11977	0.00025594	-0.79198E-04	3.0454E-06	-0.36499E-03	2.6264E-07	-5.5212E-07
11978	-0.00022212	 0.68466E-04	0.000003619	 0.30278E-03	5.1043E-07	-0.000001236
11978	0.00023836	-0.76210E-04	2.6193E-06	-0.32775E-03	2.8238E-07	-6.2016E-07
11979	-0.000202	 0.63888E-04	3.2845E-06	 0.26752E-03	5.0674E-07	-0.000001253
11979	0.00021849	-0.71508E-04	2.1232E-06	-0.29176E-03	3.0785E-07	-7.0131E-07
11980	-0.00017968	 0.57534E-04	2.9224E-06	 0.23448E-03	4.892E-07	-1.2211E-06
11980	0.00019633	-0.64918E-04	1.6426E-06	-0.25824E-03	3.4834E-07	-8.1301E-07
11981	-0.00015591	 0.49917E-04	2.5731E-06	 0.20342E-03	4.5857E-07	-1.1423E-06
11981	0.00017265	-0.56975E-04	1.1587E-06	-0.22694E-03	4.0497E-07	-9.5492E-07
11982	-0.00013185	 0.41907E-04	2.1862E-06	 0.17350E-03	4.1819E-07	-1.0323E-06
11982	0.00014862	-0.48560E-04	6.6453E-07	-0.19690E-03	4.7144E-07	-1.1125E-06
11983	-0.00010821	 0.34110E-04	1.8696E-06	 0.14360E-03	3.6526E-07	-8.9403E-07
11983	0.000125	-0.40386E-04	1.7277E-07	-0.16688E-03	5.4509E-07	-1.2855E-06
11984	-0.000085081	 0.26746E-04	1.5394E-06	 0.11309E-03	2.9728E-07	-7.2621E-07
11984	0.00010187	-0.32680E-04	-2.9147E-07	-0.13607E-03	6.2408E-07	-1.4774E-06
11985	-0.000062163	 0.19613E-04	1.2237E-06	 0.82030E-04	2.1562E-07	-5.3012E-07
11985	0.000078924	-0.25246E-04	-7.519E-07	-0.10446E-03	7.0627E-07	-1.6897E-06
11986	-0.00003896	 0.12387E-04	9.1459E-07	 0.50572E-04	1.2353E-07	-3.0848E-07
11986	0.000055712	-0.17770E-04	-1.2061E-06	-0.72289E-04	7.9043E-07	-1.9255E-06
11987	-0.000014913	 0.46989E-05	6.025E-07	 0.18930E-04	2.8401E-08	-7.2854E-08
11987	0.000031706	-0.98698E-05	-1.6762E-06	-0.39840E-04	8.7395E-07	-2.1814E-06
11988	0.000010337	-0.37004E-05	2.6173E-07	-0.12608E-04	-6.3114E-08	1.6489E-07
11988	6.5193E-06	-0.12593E-05	-2.1556E-06	-0.74437E-05	9.5695E-07	-2.4565E-06
11989	0.000036874	-0.12887E-04	-9.8101E-08	-0.43880E-04	-1.4119E-07	3.8005E-07
11989	-0.000019957	 0.81664E-05	-2.6615E-06	 0.24679E-04	1.0376E-06	-2.7396E-06
11990	0.000064538	-0.22752E-04	-4.6959E-07	-0.74941E-04	-1.9634E-07	5.4317E-07
11990	-0.000047575	 0.18317E-04	-3.1991E-06	 0.56515E-04	1.1139E-06	-3.0142E-06
11991	0.000092995	-0.33034E-04	-8.651E-07	-0.10611E-03	-2.2258E-07	6.3058E-07
11991	-0.000076006	 0.28943E-04	-3.7583E-06	 0.88336E-04	1.1846E-06	-0.000003264
11992	0.00012181	-0.43403E-04	-1.2759E-06	-0.13787E-03	-2.1759E-07	6.2942E-07
11992	-0.00010481	 0.39707E-04	-0.000004333	 0.12059E-03	1.2482E-06	-0.000003472
11993	0.00015051	-0.53544E-04	-1.6885E-06	-0.17051E-03	-1.8642E-07	5.5183E-07
11993	-0.00013351	 0.50281E-04	-4.9062E-06	 0.15358E-03	1.3042E-06	-3.6332E-06
11994	0.00017894	-0.63415E-04	-2.0979E-06	-0.20380E-03	-1.4256E-07	4.3818E-07
11994	-0.00016194	 0.60606E-04	-5.5013E-06	 0.18715E-03	0.000001352	-3.7569E-06
11995	0.00020746	-0.73368E-04	-2.4939E-06	-0.23696E-03	-1.0679E-07	3.4886E-07
11995	-0.00019041	 0.70975E-04	-6.0853E-06	 0.22055E-03	1.3906E-06	-3.8628E-06
11996	0.00023666	-0.83908E-04	-0.000002892	-0.26901E-03	-9.787E-08	3.3635E-07
11996	-0.0002195	 0.81884E-04	-6.6565E-06	 0.25290E-03	1.4179E-06	-3.9645E-06
11997	0.0002667	-0.95138E-04	-3.2852E-06	-0.29987E-03	-1.3055E-07	4.4213E-07
11997	-0.00024943	 0.93473E-04	-7.2512E-06	 0.28417E-03	0.000001439	-4.0736E-06
11998	0.00029681	-0.10629E-03	-3.6708E-06	-0.33142E-03	-2.0558E-07	6.6698E-07
11998	-0.00027941	 0.10499E-03	-7.8677E-06	 0.31604E-03	1.4582E-06	-4.1669E-06
11999	0.00032619	-0.11661E-03	-4.0121E-06	-0.36540E-03	-3.3467E-07	1.0378E-06
11999	-0.00030859	 0.11567E-03	-8.4798E-06	 0.35009E-03	1.4847E-06	-4.2447E-06
12000	0.00035595	-0.12732E-03	-0.000004238	-0.39872E-03	-5.4315E-07	1.6347E-06
12000	-0.00033819	 0.12664E-03	-9.0033E-06	 0.38350E-03	1.5211E-06	-4.3617E-06
12001	0.00038894	-0.14102E-03	-0.000004487	-0.42535E-03	-8.2424E-07	2.4908E-06
12001	-0.00037106	 0.14056E-03	-9.4852E-06	 0.41062E-03	1.5444E-06	-4.5375E-06
12002	0.00042657	-0.15904E-03	-4.5592E-06	-0.44205E-03	-1.1333E-06	3.5612E-06
12002	-0.00040856	 0.15867E-03	-0.000010028	 0.42815E-03	1.5385E-06	-4.7642E-06
12003	0.00046667	-0.17890E-03	-4.7082E-06	-0.45465E-03	-1.4088E-06	4.6583E-06
12003	-0.00044846	 0.17868E-03	-0.000010699	 0.44165E-03	0.000001503	-4.9548E-06
12004	0.00050491	-0.19619E-03	-4.8397E-06	-0.47622E-03	-1.6157E-06	5.4978E-06
12004	-0.00048655	 0.19624E-03	-0.000011462	 0.46378E-03	1.4321E-06	-0.000004912
12005	0.00053905	-0.20904E-03	-4.9852E-06	-0.51163E-03	-1.7656E-06	5.9857E-06
12005	-0.00052057	 0.20942E-03	-0.00001213	 0.49926E-03	0.000001327	-4.5861E-06
12006	0.00057167	-0.22051E-03	-4.9708E-06	-0.55107E-03	-1.8557E-06	6.2266E-06
12006	-0.00055309	 0.22112E-03	-0.000012698	 0.53857E-03	1.1686E-06	-4.0537E-06
12007	0.00060746	-0.23521E-03	-4.7812E-06	-0.58151E-03	-1.8826E-06	6.3914E-06
12007	-0.00058895	 0.23591E-03	-0.000013078	 0.56922E-03	9.5177E-07	-3.4186E-06
12008	0.00064765	-0.25403E-03	-4.6361E-06	-0.60043E-03	-1.8539E-06	6.5278E-06
12008	-0.0006293	 0.25492E-03	-0.000013611	 0.58879E-03	6.922E-07	-2.7014E-06
12009	0.00068842	-0.27310E-03	-4.4712E-06	-0.61951E-03	-1.7918E-06	6.5416E-06
12009	-0.00067006	 0.27414E-03	-0.000014241	 0.60835E-03	3.9689E-07	-1.8208E-06
12010	0.00072603	-0.28856E-03	-4.3865E-06	-0.65084E-03	-1.7168E-06	6.3536E-06
12010	-0.00070736	 0.28969E-03	-0.000014824	 0.63959E-03	4.7678E-08	-6.865E-07
12011	0.00076121	-0.30148E-03	-4.2073E-06	-0.69076E-03	-0.000001631	6.0354E-06
12011	-0.0007424	 0.30268E-03	-0.000015242	 0.67931E-03	-3.6474E-07	6.6899E-07
12012	0.00079735	-0.31544E-03	-3.9041E-06	-0.72755E-03	-1.5425E-06	0.000005747
12012	-0.00077866	 0.31669E-03	-0.00001555	 0.71615E-03	-0.000000815	2.1418E-06
12013	0.0008372	-0.33290E-03	-3.5257E-06	-0.75449E-03	-1.4725E-06	5.6117E-06
12013	-0.00081853	 0.33403E-03	-0.000015686	 0.74318E-03	-1.2659E-06	3.6682E-06
12014	0.00088043	-0.35342E-03	-3.0908E-06	-0.77294E-03	-1.4347E-06	5.6513E-06
12014	-0.00086164	 0.35431E-03	-0.000015775	 0.76173E-03	-1.6995E-06	5.2383E-06
12015	0.00092463	-0.37467E-03	-2.7123E-06	-0.78936E-03	-0.000001433	0.000005823
12015	-0.00090593	 0.37544E-03	-0.000015891	 0.77847E-03	-2.1226E-06	6.8594E-06
12016	0.00096903	-0.39582E-03	-2.2656E-06	-0.80697E-03	-1.4579E-06	6.0757E-06
12016	-0.00095061	 0.39648E-03	-0.00001592	 0.79647E-03	-2.5437E-06	8.5369E-06
12017	0.001015	-0.41808E-03	-1.7572E-06	-0.82212E-03	-1.4862E-06	6.3632E-06
12017	-0.00099672	 0.41849E-03	-0.00001583	 0.81190E-03	-2.9505E-06	0.000010272
12018	0.0010634	-0.44240E-03	-1.2644E-06	-0.83082E-03	-1.5005E-06	6.6537E-06
12018	-0.0010454	 0.44255E-03	-0.000015603	 0.82098E-03	-3.3171E-06	0.000012038
12019	0.0011135	-0.46797E-03	-8.3694E-07	-0.83541E-03	-0.000001493	6.8899E-06
12019	-0.001096	 0.46798E-03	-0.000015367	 0.82619E-03	-3.6455E-06	0.000013826
12020	0.0011634	-0.49292E-03	-4.3284E-07	-0.84296E-03	-1.4659E-06	7.0064E-06
12020	-0.0011465	 0.49280E-03	-0.000015036	 0.83430E-03	-3.9662E-06	0.000015628
12021	0.0012123	-0.51654E-03	-2.6547E-08	-0.85664E-03	-1.4209E-06	6.9732E-06
12021	-0.001196	 0.51622E-03	-0.000014564	 0.84839E-03	-4.2929E-06	0.000017412
12022	0.0012617	-0.54028E-03	3.6423E-07	-0.87044E-03	-1.3507E-06	6.8049E-06
12022	-0.0012461	 0.53979E-03	-0.000013912	 0.86265E-03	-4.5862E-06	0.00001912
12023	0.0013131	-0.56582E-03	6.9942E-07	-0.87725E-03	-1.2531E-06	6.5399E-06
12023	-0.0012985	 0.56520E-03	-0.000013099	 0.87013E-03	-0.000004793	0.000020689
12024	0.0013663	-0.59254E-03	8.896E-07	-0.87947E-03	-1.1439E-06	6.2131E-06
12024	-0.0013526	 0.59181E-03	-0.000012218	 0.87301E-03	-4.9156E-06	0.000022063
12025	0.001419	-0.61847E-03	9.6472E-07	-0.88591E-03	-1.0457E-06	5.8574E-06
12025	-0.0014062	 0.61757E-03	-0.000011196	 0.87993E-03	-5.0014E-06	0.000023203
12026	0.0014701	-0.64247E-03	9.4883E-07	-0.90152E-03	-9.7734E-07	5.5413E-06
12026	-0.0014583	 0.64148E-03	-0.000010066	 0.89604E-03	-5.0737E-06	0.000024046
12027	0.0015204	-0.66543E-03	8.0283E-07	-0.92204E-03	-9.454E-07	5.3443E-06
12027	-0.0015096	 0.66444E-03	-0.000008849	 0.91710E-03	-0.000005099	0.000024528
12028	0.0015723	-0.68984E-03	6.8159E-07	-0.93653E-03	-9.514E-07	5.3571E-06
12028	-0.0015624	 0.68864E-03	-7.4636E-06	 0.93197E-03	-5.0045E-06	0.000024589
12029	0.0016271	-0.71698E-03	4.3257E-07	-0.93780E-03	-1.0033E-06	5.6807E-06
12029	-0.0016181	 0.71560E-03	-0.000006047	 0.93364E-03	-4.7504E-06	0.000024178
12030	0.0016839	-0.74583E-03	5.2375E-08	-0.92953E-03	-1.1098E-06	6.3773E-06
12030	-0.0016759	 0.74443E-03	-0.000004735	 0.92591E-03	-4.3747E-06	0.000023294
12031	0.0017407	-0.77461E-03	-3.0865E-07	-0.92059E-03	-1.2729E-06	7.4481E-06
12031	-0.0017335	 0.77316E-03	-0.000003452	 0.91743E-03	-3.9495E-06	0.000022004
12032	0.0017967	-0.80261E-03	-6.3378E-07	-0.91487E-03	-1.4863E-06	8.8697E-06
12032	-0.0017902	 0.80108E-03	-2.3064E-06	 0.91205E-03	-3.5172E-06	0.000020408
12033	0.0018524	-0.83042E-03	-8.9081E-07	-0.90866E-03	-1.7327E-06	0.000010608
12033	-0.0018467	 0.82888E-03	-1.3464E-06	 0.90618E-03	-3.0845E-06	0.000018624
12034	0.0017667	-0.79486E-03	-9.4443E-07	-0.83207E-03	-1.9214E-06	0.000012182
12034	-0.0017879	 0.80514E-03	-5.787E-07	 0.84200E-03	-2.5965E-06	0.000016376
12035	0.0010585	-0.47773E-03	-3.1647E-07	-0.48193E-03	-1.6098E-06	0.000010579
12035	-0.0012891	 0.58248E-03	-5.9628E-07	 0.58403E-03	-1.7575E-06	0.000011543
12036	0.000026177	-0.11680E-04	-3.5015E-08	-0.13501E-04	-9.1567E-07	6.2228E-06
12036	-0.00053412	 0.24214E-03	-6.4791E-07	 0.23433E-03	-8.9249E-07	6.0649E-06
12037	-0.0003822	 0.17354E-03	-2.4749E-07	 0.16282E-03	-3.9267E-07	2.7236E-06
12037	-0.00022483	 0.10221E-03	-3.6557E-07	 0.95543E-04	-3.907E-07	0.000002709
12038	-0.00029425	 0.13397E-03	-4.6527E-07	 0.12214E-03	-1.7267E-08	1.0353E-07
12038	-0.00026014	 0.11849E-03	-4.6304E-07	 0.10763E-03	-1.5583E-08	9.1957E-08
12039	-0.00019587	 0.89485E-04	-5.6065E-07	 0.78754E-04	3.6383E-07	-2.7184E-06
12039	-0.00020943	 0.95650E-04	-5.4793E-07	 0.84256E-04	3.5872E-07	-2.6804E-06
12040	-0.000091724	 0.42165E-04	-6.9752E-07	 0.36113E-04	8.8873E-07	-6.7909E-06
12040	-0.00011337	 0.52045E-04	-6.8108E-07	 0.44451E-04	8.817E-07	-6.7381E-06
12041	0.000038918	-0.17260E-04	-0.00000115	-0.14509E-04	0.000001623	-0.000012624
12041	-0.000034092	 0.16072E-04	-1.0802E-06	 0.13259E-04	1.7113E-06	-0.000013313
12042	0.0001127	-0.50632E-04	-1.9286E-06	-0.42266E-04	2.0305E-06	-0.000015948
12042	6.7708E-06	-0.22291E-05	-1.8614E-06	-0.23216E-05	2.3403E-06	-0.000018384
12043	0.00011729	-0.52352E-04	-2.7524E-06	-0.43820E-04	1.9506E-06	-0.000015347
12043	0.000015651	-0.58458E-05	-2.8135E-06	-0.55556E-05	2.5274E-06	-0.000019889
12044	0.00011143	-0.49289E-04	-3.5358E-06	-0.41750E-04	1.8094E-06	-0.000014154
12044	0.000022805	-0.86268E-05	-3.8586E-06	-0.81714E-05	2.6635E-06	-0.000020843
12045	0.00010484	-0.45916E-04	-4.2651E-06	-0.39490E-04	1.6658E-06	-0.000012922
12045	0.000030611	-0.11674E-04	-4.9644E-06	-0.11085E-04	2.7991E-06	-0.000021726
12046	0.00009738	-0.42166E-04	-4.9458E-06	-0.36919E-04	1.5187E-06	-0.000011663
12046	0.000039245	-0.15075E-04	-6.1099E-06	-0.14384E-04	2.9308E-06	-0.000022527
12047	0.000088972	-0.38008E-04	-5.5798E-06	-0.33939E-04	1.3667E-06	-0.000010388
12047	0.000048796	-0.18880E-04	-7.2791E-06	-0.18103E-04	3.0539E-06	-0.00002324
12048	0.000079734	-0.33507E-04	-6.1569E-06	-0.30503E-04	1.2087E-06	-9.1141E-06
12048	0.000059158	-0.23044E-04	-8.4695E-06	-0.22153E-04	3.1585E-06	-0.000023854
12049	0.000069942	-0.28791E-04	-6.6768E-06	-0.26703E-04	1.0461E-06	-7.8539E-06
12049	0.000070059	-0.27447E-04	-9.6786E-06	-0.26377E-04	3.2393E-06	-0.000024365
12050	0.000059883	-0.23985E-04	-7.1451E-06	-0.22697E-04	8.818E-07	-6.6141E-06
12050	0.000081206	-0.31966E-04	-0.00001089	-0.30626E-04	3.2966E-06	-0.000024776
12051	0.000049887	-0.19233E-04	-7.5682E-06	-0.18640E-04	7.1759E-07	-5.4005E-06
12051	0.000092276	-0.36462E-04	-0.000012097	-0.34700E-04	3.3273E-06	-0.00002509
12052	0.000040429	-0.14753E-04	-7.9457E-06	-0.14733E-04	5.5529E-07	-4.2211E-06
12052	0.00010281	-0.40733E-04	-0.000013302	-0.38275E-04	3.3239E-06	-0.000025309
12053	0.000032031	-0.10771E-04	-8.2928E-06	-0.11249E-04	3.9894E-07	-3.0818E-06
12053	0.00011227	-0.44537E-04	-0.000014506	-0.41150E-04	3.2912E-06	-0.000025437
12054	0.000024806	-0.73299E-05	-0.00000861	-0.83289E-05	2.5292E-07	-1.9856E-06
12054	0.00012051	-0.47771E-04	-0.000015725	-0.43576E-04	0.000003255	-0.000025473
12055	0.000018156	-0.41588E-05	-8.8938E-06	-0.57605E-05	1.1646E-07	-9.2912E-07
12055	0.00012805	-0.50668E-04	-0.000016924	-0.46164E-04	3.2422E-06	-0.000025424
12056	0.000011104	-0.82521E-06	-9.1242E-06	-0.31008E-05	-1.4181E-08	8.3634E-08
12056	0.00013585	-0.53656E-04	-0.000018094	-0.49468E-04	3.2607E-06	-0.000025299
12057	2.8355E-06	 0.30244E-05	-9.2773E-06	 0.66376E-07	-1.4154E-07	0.000001042
12057	0.00014474	-0.57142E-04	-0.000019203	-0.53614E-04	0.000003293	-0.000025109
12058	-6.7946E-06	 0.74539E-05	-9.3532E-06	 0.38399E-05	-2.6417E-07	1.9385E-06
12058	0.00015494	-0.61264E-04	-0.000020244	-0.58152E-04	3.3064E-06	-0.000024872
12059	-0.000016727	 0.12000E-04	-9.3724E-06	 0.76464E-05	-3.7271E-07	2.7605E-06
12059	0.00016552	-0.65664E-04	-0.00002123	-0.61688E-04	3.2518E-06	-0.000024604
12060	-0.00002469	 0.15678E-04	-9.4035E-06	 0.10319E-04	-4.5501E-07	3.5011E-06
12060	0.00017434	-0.69383E-04	-0.00002225	-0.62477E-04	3.0964E-06	-0.000024307
12061	-0.000028544	 0.17551E-04	-9.5503E-06	 0.11122E-04	-5.1244E-07	4.1747E-06
12061	0.00017919	-0.71314E-04	-0.000023373	-0.60478E-04	2.8847E-06	-0.000023973
12062	-0.000027861	 0.17405E-04	-9.8376E-06	 0.10374E-04	-5.5991E-07	4.8012E-06
12062	0.00017947	-0.71048E-04	-0.000024632	-0.57371E-04	2.6967E-06	-0.000023574
12063	-0.000024214	 0.15908E-04	-0.000010198	 0.89885E-05	-6.1507E-07	5.3939E-06
12063	0.00017666	-0.69199E-04	-0.000025974	-0.55073E-04	0.000002586	-0.000023088
12064	-0.000020215	 0.14218E-04	-0.000010532	 0.78083E-05	-6.8738E-07	5.9649E-06
12064	0.00017328	-0.66990E-04	-0.000027285	-0.54521E-04	2.5539E-06	-0.000022517
12065	-0.000017792	 0.13199E-04	-0.000010761	 0.72205E-05	-7.6896E-07	6.5184E-06
12065	0.00017128	-0.65441E-04	-0.000028452	-0.55159E-04	2.5462E-06	-0.000021879
12066	-0.000017245	 0.12995E-04	-0.000010882	 0.71911E-05	-8.4512E-07	0.000007035
12066	0.00017109	-0.64795E-04	-0.000029502	-0.56075E-04	2.5158E-06	-0.000021192
12067	-0.000017902	 0.13311E-04	-0.000010922	 0.74905E-05	-9.094E-07	7.5056E-06
12067	0.00017209	-0.64777E-04	-0.000030465	-0.56825E-04	2.4542E-06	-0.000020474
12068	-0.000018906	 0.13771E-04	-0.000010919	 0.78318E-05	-9.5927E-07	7.9238E-06
12068	0.00017348	-0.64993E-04	-0.000031378	-0.57143E-04	2.3657E-06	-0.000019736
12069	-0.00001969	 0.14130E-04	-0.000010913	 0.80684E-05	-9.9955E-07	0.000008289
12069	0.00017467	-0.65133E-04	-0.000032276	-0.57190E-04	2.2671E-06	-0.000018979
12070	-0.000020453	 0.14476E-04	-0.000010907	 0.83636E-05	-1.0418E-06	8.6048E-06
12070	0.00017574	-0.65210E-04	-0.000033144	-0.57668E-04	2.1836E-06	-0.000018202
12071	-0.000021968	 0.15134E-04	-0.000010844	 0.90154E-05	-1.0902E-06	8.8732E-06
12071	0.00017743	-0.65571E-04	-0.000033921	-0.59005E-04	2.1202E-06	-0.00001741
12072	-0.000024625	 0.16268E-04	-0.000010679	 0.10065E-04	-1.1322E-06	9.0897E-06
12072	0.00018019	-0.66479E-04	-0.000034579	-0.60678E-04	0.000002053	-0.000016618
12073	-0.000027769	 0.17610E-04	-0.000010463	 0.11141E-04	-1.1523E-06	9.2533E-06
12073	0.00018347	-0.67719E-04	-0.000035163	-0.61666E-04	1.9581E-06	-0.000015842
12074	-0.000030234	 0.18670E-04	-0.000010288	 0.11823E-04	-1.1511E-06	9.3645E-06
12074	0.00018615	-0.68731E-04	-0.000035762	-0.61616E-04	1.8412E-06	-0.000015083
12075	-0.000031458	 0.19202E-04	-0.000010201	 0.12064E-04	-1.1439E-06	9.4283E-06
12075	0.00018763	-0.69158E-04	-0.000036418	-0.61131E-04	1.7268E-06	-0.000014327
12076	-0.000031989	 0.19424E-04	-0.000010152	 0.12231E-04	-1.1467E-06	9.4488E-06
12076	0.00018835	-0.69177E-04	-0.000037093	-0.61242E-04	1.6355E-06	-0.000013561
12077	-0.000033093	 0.19869E-04	-0.000010046	 0.12798E-04	-1.1627E-06	9.4292E-06
12077	0.00018949	-0.69369E-04	-0.000037687	-0.62515E-04	1.5682E-06	-0.000012788
12078	-0.000035638	 0.20917E-04	-9.8247E-06	 0.13930E-04	-1.1788E-06	9.3693E-06
12078	0.00019196	-0.70215E-04	-0.000038132	-0.64535E-04	1.5061E-06	-0.000012022
12079	-0.000039489	 0.22521E-04	-9.5021E-06	 0.15453E-04	-0.000001182	9.2633E-06
12079	0.00019569	-0.71728E-04	-0.000038448	-0.66610E-04	1.4363E-06	-0.000011288
12080	-0.000044102	 0.24454E-04	-9.1313E-06	 0.17188E-04	-1.1729E-06	9.1063E-06
12080	0.00020018	-0.73645E-04	-0.00003869	-0.68625E-04	1.3635E-06	-0.000010599
12081	-0.000049297	 0.26635E-04	-8.7246E-06	 0.19174E-04	-1.1583E-06	8.8947E-06
12081	0.00020521	-0.75833E-04	-0.000038874	-0.70938E-04	0.000001298	-9.9632E-06
12082	-0.00005516	 0.29094E-04	-0.000008265	 0.21447E-04	-0.000001138	8.6276E-06
12082	0.00021088	-0.78341E-04	-0.000038981	-0.73598E-04	1.2414E-06	-9.3911E-06
12083	-0.000061361	 0.31689E-04	-7.7422E-06	 0.23677E-04	-1.1018E-06	8.3008E-06
12083	0.00021694	-0.81094E-04	-0.000039023	-0.75833E-04	0.000001185	-8.8931E-06
12084	-0.000066939	 0.34042E-04	-7.2572E-06	 0.25286E-04	-1.0433E-06	7.9182E-06
12084	0.00022247	-0.83677E-04	-0.000039075	-0.76671E-04	1.1216E-06	-0.000008472
12085	-0.000070657	 0.35653E-04	-6.9491E-06	 0.25798E-04	-9.6555E-07	7.4878E-06
12085	0.00022621	-0.85465E-04	-0.00003925	-0.75639E-04	1.0504E-06	-8.1114E-06
12086	-0.000071399	 0.36026E-04	-0.000006883	 0.25011E-04	-8.7704E-07	7.0172E-06
12086	0.00022713	-0.85894E-04	-0.000039632	-0.72863E-04	9.7394E-07	-7.7778E-06
12087	-0.000068904	 0.35019E-04	-7.0695E-06	 0.23303E-04	-7.9181E-07	6.5181E-06
12087	0.00022495	-0.84757E-04	-0.000040264	-0.69417E-04	9.0066E-07	-7.4302E-06
12088	-0.00006415	 0.33035E-04	-7.4538E-06	 0.21359E-04	-7.1977E-07	6.0018E-06
12088	0.00022056	-0.82433E-04	-0.000041073	-0.66572E-04	8.3665E-07	-7.0283E-06
12089	-0.000058653	 0.30703E-04	-7.8856E-06	 0.19666E-04	-6.6122E-07	5.4763E-06
12089	0.00021539	-0.79651E-04	-0.000041919	-0.64938E-04	7.812E-07	-0.000006555
12090	-0.000053921	 0.28663E-04	-8.2293E-06	 0.18535E-04	-6.111E-07	4.9389E-06
12090	0.00021089	-0.77155E-04	-0.000042669	-0.64658E-04	7.3035E-07	-6.0124E-06
12091	-0.000050891	 0.27337E-04	-8.4293E-06	 0.17974E-04	-5.6002E-07	4.3877E-06
12091	0.00020796	-0.75450E-04	-0.000043242	-0.65118E-04	6.7594E-07	-5.4234E-06
12092	-0.00004932	 0.26636E-04	-8.5044E-06	 0.17682E-04	-5.0028E-07	3.8161E-06
12092	0.00020642	-0.74500E-04	-0.000043657	-0.65389E-04	6.1221E-07	-4.8141E-06
12093	-0.000048332	 0.26199E-04	-8.5432E-06	 0.17377E-04	-4.3193E-07	3.2174E-06
12093	0.00020549	-0.73902E-04	-0.000044012	-0.65135E-04	5.4118E-07	-4.1989E-06
12094	-0.000047301	 0.25757E-04	-8.6062E-06	 0.16983E-04	-3.5881E-07	2.5917E-06
12094	0.00020455	-0.73316E-04	-0.000044363	-0.64585E-04	4.6759E-07	-0.000003581
12095	-0.000046053	 0.25228E-04	-8.6949E-06	 0.16527E-04	-2.8295E-07	1.9395E-06
12095	0.00020339	-0.72631E-04	-0.000044714	-0.63993E-04	3.9347E-07	-0.000002956
12096	-0.000044612	 0.24618E-04	-8.8027E-06	 0.16013E-04	-2.0451E-07	1.2627E-06
12096	0.00020205	-0.71862E-04	-0.000045058	-0.63352E-04	3.1835E-07	-2.3205E-06
12097	-0.000042957	 0.23921E-04	-8.9337E-06	 0.15420E-04	-1.2361E-07	5.6328E-07
12097	0.00020051	-0.71004E-04	-0.000045401	-0.62600E-04	2.4155E-07	-1.6707E-06
12098	-0.000041167	 0.23173E-04	-0.000009095	 0.14836E-04	-4.0545E-08	-1.5723E-07
12098	0.00019882	-0.70066E-04	-0.000045747	-0.62004E-04	1.6313E-07	-1.0016E-06
12099	-0.00003978	 0.22594E-04	-9.2399E-06	 0.14530E-04	4.5622E-08	-8.9669E-07
12099	0.00019744	-0.69258E-04	-0.00004604	-0.62137E-04	8.3195E-08	-3.1407E-07
12100	-0.000039523	 0.22484E-04	-9.2908E-06	 0.14699E-04	1.3679E-07	-1.6588E-06
12100	0.00019707	-0.68946E-04	-0.000046203	-0.63066E-04	1.5164E-09	3.8259E-07
12101	-0.000040414	 0.22849E-04	-9.2173E-06	 0.15169E-04	2.3145E-07	-0.000002446
12101	0.00019784	-0.69241E-04	-0.000046231	-0.64046E-04	-7.9426E-08	1.0685E-06
12102	-0.000041627	 0.23355E-04	-9.1012E-06	 0.15524E-04	3.256E-07	-3.2605E-06
12102	0.00019902	-0.69810E-04	-0.000046204	-0.64239E-04	-1.5597E-07	1.7314E-06
12103	-0.0000421	 0.23586E-04	-9.0983E-06	 0.15442E-04	4.1676E-07	-4.0998E-06
12103	0.00019958	-0.70107E-04	-0.000046253	-0.63414E-04	-2.2755E-07	2.3766E-06
12104	-0.000041476	 0.23374E-04	-0.000009238	 0.15085E-04	5.1144E-07	-4.9592E-06
12104	0.00019909	-0.69844E-04	-0.000046415	-0.62574E-04	-3.0082E-07	3.0274E-06
12105	-0.000040937	 0.23184E-04	-9.3895E-06	 0.15127E-04	6.2193E-07	-5.8333E-06
12105	0.00019854	-0.69472E-04	-0.000046563	-0.63245E-04	-3.8454E-07	3.6939E-06
12106	-0.000042245	 0.23740E-04	-9.3594E-06	 0.16075E-04	7.5008E-07	-6.7266E-06
12106	0.00019961	-0.69865E-04	-0.000046497	-0.65641E-04	-4.771E-07	4.3589E-06
12107	-0.000045762	 0.25202E-04	-9.0857E-06	 0.17660E-04	8.784E-07	-7.6489E-06
12107	0.00020277	-0.71381E-04	-0.000046165	-0.68238E-04	-5.6165E-07	4.9839E-06
12108	-0.000050046	 0.27015E-04	-8.7526E-06	 0.19089E-04	9.8951E-07	-8.6082E-06
12108	0.00020683	-0.73447E-04	-0.000045756	-0.69465E-04	-6.2391E-07	5.5441E-06
12109	-0.000053489	 0.28521E-04	-8.5536E-06	 0.19982E-04	1.0908E-06	-9.6024E-06
12109	0.00021019	-0.75200E-04	-0.000045455	-0.69567E-04	-6.706E-07	6.0432E-06
12110	-0.000055887	 0.29596E-04	-8.4791E-06	 0.20662E-04	1.2037E-06	-0.000010628
12110	0.00021252	-0.76399E-04	-0.000045251	-0.69856E-04	-7.1847E-07	6.5032E-06
12111	-0.000058132	 0.30588E-04	-8.4136E-06	 0.21559E-04	1.3359E-06	-0.000011679
12111	0.00021462	-0.77442E-04	-0.000045035	-0.70991E-04	-7.7273E-07	6.9317E-06
12112	-0.000060936	 0.31799E-04	-8.2773E-06	 0.22725E-04	1.4775E-06	-0.00001276
12112	0.00021722	-0.78739E-04	-0.00004473	-0.72547E-04	-8.2523E-07	7.3223E-06
12113	-0.000064044	 0.33149E-04	-8.1093E-06	 0.23760E-04	1.6079E-06	-0.000013876
12113	0.00022015	-0.80262E-04	-0.000044371	-0.73475E-04	-8.6288E-07	7.6629E-06
12114	-0.00006641	 0.34220E-04	-8.0243E-06	 0.24188E-04	1.7169E-06	-0.000015026
12114	0.00022248	-0.81542E-04	-0.000044074	-0.73112E-04	-8.8241E-07	7.9595E-06
12115	-0.000067154	 0.34632E-04	-8.1021E-06	 0.23909E-04	0.000001815	-0.000016205
12115	0.00022332	-0.82100E-04	-0.000043924	-0.71769E-04	-8.9427E-07	8.2353E-06
12116	-0.000066181	 0.34326E-04	-8.3461E-06	 0.23150E-04	1.9183E-06	-0.000017407
12116	0.00022252	-0.81818E-04	-0.000043918	-0.70124E-04	-9.1138E-07	8.5238E-06
12117	-0.000063921	 0.33470E-04	-8.7013E-06	 0.22147E-04	0.000002033	-0.00001862
12117	0.00022046	-0.80882E-04	-0.000044005	-0.68553E-04	-9.3932E-07	8.8488E-06
12118	-0.000060865	 0.32270E-04	-9.1244E-06	 0.21022E-04	2.1578E-06	-0.000019844
12118	0.00021761	-0.79539E-04	-0.000044141	-0.67103E-04	-9.7894E-07	9.2321E-06
12119	-0.000057378	 0.30886E-04	-9.5878E-06	 0.19849E-04	2.2903E-06	-0.000021075
12119	0.00021434	-0.77974E-04	-0.0000443	-0.65775E-04	-1.0298E-06	9.6843E-06
12120	-0.000053748	 0.29440E-04	-0.00001007	 0.18706E-04	2.4314E-06	-0.000022313
12120	0.00021093	-0.76327E-04	-0.000044459	-0.64635E-04	-1.0925E-06	0.000010211
12121	-0.000050214	 0.28035E-04	-0.000010548	 0.17639E-04	2.5797E-06	-0.000023558
12121	0.00020758	-0.74715E-04	-0.000044595	-0.63679E-04	-1.1663E-06	0.000010812
12122	-0.000046923	 0.26733E-04	-0.000011013	 0.16666E-04	2.7332E-06	-0.000024813
12122	0.00020446	-0.73215E-04	-0.000044697	-0.62878E-04	-1.2499E-06	0.000011485
12123	-0.000044007	 0.25595E-04	-0.00001146	 0.15841E-04	2.8946E-06	-0.000026078
12123	0.00020168	-0.71887E-04	-0.00004476	-0.62312E-04	-1.3439E-06	0.000012224
12124	-0.000041656	 0.24697E-04	-0.00001187	 0.15232E-04	3.0673E-06	-0.000027355
12124	0.00019943	-0.70816E-04	-0.000044767	-0.62090E-04	-1.4491E-06	0.000013022
12125	-0.000040131	 0.24151E-04	-0.000012226	 0.14943E-04	3.2563E-06	-0.000028645
12125	0.00019796	-0.70126E-04	-0.000044705	-0.62370E-04	-1.5666E-06	0.000013866
12126	-0.000039736	 0.24079E-04	-0.000012493	 0.15088E-04	3.4657E-06	-0.000029953
12126	0.00019758	-0.69958E-04	-0.00004455	-0.63300E-04	-1.6964E-06	0.000014736
12127	-0.000040566	 0.24517E-04	-0.000012644	 0.15605E-04	3.6728E-06	-0.000031285
12127	0.00019835	-0.70391E-04	-0.000044261	-0.64475E-04	-1.8232E-06	0.0000156
12128	-0.000042085	 0.25270E-04	-0.000012767	 0.16176E-04	3.8427E-06	-0.00003265
12128	0.00019978	-0.71209E-04	-0.000043903	-0.65119E-04	-1.9262E-06	0.00001643
12129	-0.000043172	 0.25859E-04	-0.000012932	 0.16364E-04	3.9602E-06	-0.000034047
12129	0.00020084	-0.71908E-04	-0.000043557	-0.64694E-04	-1.9984E-06	0.000017238
12130	-0.000042895	 0.25880E-04	-0.000013209	 0.15977E-04	4.0481E-06	-0.000035466
12130	0.00020064	-0.72011E-04	-0.00004331	-0.63365E-04	-2.0562E-06	0.000018063
12131	-0.000041316	 0.25356E-04	-0.000013616	 0.15292E-04	4.1634E-06	-0.000036891
12131	0.00019917	-0.71449E-04	-0.00004317	-0.62091E-04	-2.1335E-06	0.00001894
12132	-0.000039365	 0.24662E-04	-0.000014058	 0.14740E-04	4.3448E-06	-0.000038308
12132	0.0001973	-0.70628E-04	-0.000043053	-0.61709E-04	-2.2546E-06	0.000019902
12133	-0.000038242	 0.24296E-04	-0.000014416	 0.14677E-04	4.5929E-06	-0.000039714
12133	0.0001962	-0.70141E-04	-0.000042864	-0.62523E-04	-2.4209E-06	0.000020947
12134	-0.00003895	 0.24704E-04	-0.000014648	 0.15356E-04	4.8868E-06	-0.000041121
12134	0.00019682	-0.70474E-04	-0.000042534	-0.64474E-04	-0.000002617	0.000022027
12135	-0.00004165	 0.25965E-04	-0.000014741	 0.16657E-04	5.1635E-06	-0.000042542
12135	0.00019933	-0.71774E-04	-0.000042032	-0.66774E-04	-2.8012E-06	0.000023076
12136	-0.000045369	 0.27676E-04	-0.000014762	 0.18052E-04	0.000005361	-0.00004399
12136	0.00020289	-0.73667E-04	-0.00004144	-0.68341E-04	-2.9344E-06	0.000024063
12137	-0.0000488	 0.29286E-04	-0.000014815	 0.19090E-04	0.000005487	-0.000045458
12137	0.00020625	-0.75523E-04	-0.000040864	-0.68878E-04	-3.0196E-06	0.000024986
12138	-0.000051299	 0.30508E-04	-0.000014947	 0.19763E-04	0.000005605	-0.000046938
12138	0.00020872	-0.76949E-04	-0.000040348	-0.68990E-04	-3.0959E-06	0.000025878
12139	-0.000053266	 0.31488E-04	-0.000015114	 0.20477E-04	5.7851E-06	-0.000048403
12139	0.00021061	-0.78045E-04	-0.000039859	-0.69702E-04	-3.2062E-06	0.000026758
12140	-0.000055734	 0.32659E-04	-0.000015233	 0.21643E-04	6.0408E-06	-0.000049854
12140	0.00021289	-0.79287E-04	-0.000039312	-0.71485E-04	-3.3583E-06	0.000027627
12141	-0.000059307	 0.34294E-04	-0.000015268	 0.23227E-04	6.3032E-06	-0.000051299
12141	0.0002162	-0.81044E-04	-0.000038665	-0.73700E-04	-3.5094E-06	0.000028445
12142	-0.000063564	 0.36233E-04	-0.00001525	 0.24816E-04	6.5025E-06	-0.00005275
12142	0.0002202	-0.83201E-04	-0.000037958	-0.75390E-04	-3.6169E-06	0.000029189
12143	-0.000067679	 0.38124E-04	-0.000015241	 0.26150E-04	6.6496E-06	-0.0000542
12143	0.00022412	-0.85355E-04	-0.000037252	-0.76426E-04	-3.6864E-06	0.000029855
12144	-0.000071443	 0.39859E-04	-0.000015253	 0.27453E-04	6.8197E-06	-0.000055638
12144	0.00022766	-0.87314E-04	-0.000036555	-0.77611E-04	-3.7618E-06	0.000030453
12145	-0.000075397	 0.41652E-04	-0.000015241	 0.29081E-04	7.0497E-06	-0.00005705
12145	0.0002313	-0.89287E-04	-0.000035825	-0.79557E-04	-3.8626E-06	0.000030973
12146	-0.000079954	 0.43691E-04	-0.000015165	 0.30935E-04	7.2803E-06	-0.000058443
12146	0.00023549	-0.91540E-04	-0.000035029	-0.81724E-04	-3.9534E-06	0.000031391
12147	-0.0000847	 0.45823E-04	-0.000015059	 0.32528E-04	7.4351E-06	-0.000059825
12147	0.0002399	-0.93966E-04	-0.000034201	-0.83107E-04	-3.9904E-06	0.000031689
12148	-0.000088741	 0.47666E-04	-0.000014974	 0.33497E-04	7.5071E-06	-0.000061184
12148	0.00024366	-0.96144E-04	-0.000033391	-0.83340E-04	-3.9732E-06	0.00003188
12149	-0.000091442	 0.48927E-04	-0.000014936	 0.33827E-04	7.5403E-06	-0.000062503
12149	0.0002461	-0.97722E-04	-0.000032623	-0.82739E-04	-3.9339E-06	0.000032018
12150	-0.00009279	 0.49575E-04	-0.000014935	 0.33811E-04	7.5906E-06	-0.00006374
12150	0.00024717	-0.98625E-04	-0.000031901	-0.81992E-04	-3.9101E-06	0.000032158
12151	-0.000093321	 0.49832E-04	-0.000014938	 0.33812E-04	7.6929E-06	-0.000064874
12151	0.00024735	-0.99067E-04	-0.000031191	-0.81676E-04	-3.9258E-06	0.00003235
12152	-0.000093732	 0.50004E-04	-0.000014914	 0.34038E-04	7.8404E-06	-0.000065888
12152	0.00024732	-0.99380E-04	-0.000030464	-0.81943E-04	-3.9793E-06	0.000032608
12153	-0.000094478	 0.50298E-04	-0.000014836	 0.34475E-04	7.9966E-06	-0.000066776
12153	0.00024756	-0.99816E-04	-0.000029704	-0.82549E-04	-4.0514E-06	0.000032919
12154	-0.000095662	 0.50768E-04	-0.0000147	 0.35035E-04	8.1328E-06	-0.000067531
12154	0.00024818	-0.10045E-03	-0.000028917	-0.83231E-04	-4.1254E-06	0.00003326
12155	-0.000097224	 0.51387E-04	-0.000014506	 0.35686E-04	8.2443E-06	-0.000068139
12155	0.00024912	-0.10124E-03	-0.000028109	-0.83938E-04	-4.1964E-06	0.000033597
12156	-0.000099003	 0.52085E-04	-0.000014251	 0.36285E-04	8.3103E-06	-0.000068587
12156	0.00025022	-0.10213E-03	-0.000027285	-0.84416E-04	-4.2525E-06	0.000033912
12157	-0.00010066	 0.52713E-04	-0.00001394	 0.36647E-04	8.3127E-06	-0.000068848
12157	0.00025117	-0.10297E-03	-0.000026471	-0.84403E-04	-4.2857E-06	0.000034205
12158	-0.00010192	 0.53132E-04	-0.000013571	 0.36783E-04	8.2716E-06	-0.000068882
12158	0.00025166	-0.10359E-03	-0.000025686	-0.84059E-04	-0.000004311	0.000034504
12159	-0.00010291	 0.53384E-04	-0.000013132	 0.37050E-04	8.2466E-06	-0.000068631
12159	0.00025178	-0.10400E-03	-0.000024942	-0.84112E-04	-4.3647E-06	0.000034835
12160	-0.00010439	 0.53777E-04	-0.000012576	 0.37973E-04	8.2872E-06	-0.000068046
12160	0.00025222	-0.10447E-03	-0.000024224	-0.85397E-04	-4.4756E-06	0.000035182
12161	-0.00010726	 0.54707E-04	-0.000011861	 0.39703E-04	0.000008349	-0.000067084
12161	0.00025387	-0.10544E-03	-0.000023531	-0.87836E-04	-4.6149E-06	0.000035445
12162	-0.00011177	 0.56302E-04	-0.000010946	 0.41939E-04	8.3404E-06	-0.000065727
12162	0.00025705	-0.10710E-03	-0.000022878	-0.90631E-04	-4.7211E-06	0.000035489
12163	-0.00011755	 0.58400E-04	-9.8231E-06	 0.44359E-04	8.2153E-06	-0.000063915
12163	0.00026144	-0.10931E-03	-0.000022319	-0.93244E-04	-4.7526E-06	0.000035158
12164	-0.00012408	 0.60748E-04	-8.4706E-06	 0.46781E-04	7.9707E-06	-0.000061551
12164	0.0002665	-0.11180E-03	-0.000021904	-0.95534E-04	-4.6956E-06	0.000034324
12165	-0.00013109	 0.63192E-04	-6.8635E-06	 0.49368E-04	7.6346E-06	-0.000058484
12165	0.00027188	-0.11434E-03	-0.000021693	-0.97937E-04	-4.5596E-06	0.000032867
12166	-0.00013861	 0.65716E-04	-4.9368E-06	 0.52230E-04	7.1961E-06	-0.000054521
12166	0.00027762	-0.11691E-03	-0.000021726	-0.10066E-03	-4.3316E-06	0.00003063
12167	-0.00014663	 0.68301E-04	-2.6333E-06	 0.55175E-04	6.5956E-06	-0.000049416
12167	0.00028372	-0.11951E-03	-0.000022073	-0.10334E-03	-3.9676E-06	0.000027401
12168	-0.00015495	 0.70831E-04	8.4028E-08	 0.58067E-04	5.7864E-06	-0.000042829
12168	0.00028996	-0.12200E-03	-0.000022811	-0.10581E-03	-3.4289E-06	0.000022898
12169	-0.00016325	 0.73158E-04	3.2347E-06	 0.60815E-04	0.000004718	-0.000034314
12169	0.00029604	-0.12422E-03	-0.000024017	-0.10799E-03	-2.6735E-06	0.000016777
12170	-0.00017121	 0.75133E-04	6.8015E-06	 0.63429E-04	3.3287E-06	-0.000023311
12170	0.00030165	-0.12597E-03	-0.00002574	-0.11002E-03	-1.6501E-06	8.6023E-06
12171	-0.00017849	 0.76637E-04	0.000010691	 0.65915E-04	1.5355E-06	-9.1873E-06
12171	0.00030647	-0.12712E-03	-0.000027953	-0.11197E-03	-2.8697E-07	-2.1455E-06
12172	-0.00018462	 0.77569E-04	0.000014653	 0.68145E-04	-7.536E-07	8.6393E-06
12172	0.0003101	-0.12754E-03	-0.000030493	-0.11374E-03	1.4991E-06	-0.000016001
12173	-0.00018882	 0.77782E-04	0.000018243	 0.69789E-04	-3.5974E-06	0.00003047
12173	0.00031182	-0.12710E-03	-0.00003301	-0.11494E-03	3.7688E-06	-0.000033316
12174	-0.00018997	 0.77093E-04	0.000020791	 0.70327E-04	-6.9595E-06	0.000055995
12174	0.00031066	-0.12561E-03	-0.000034968	-0.11498E-03	0.000006505	-0.000053944
12175	-0.00018689	 0.75326E-04	0.000021503	 0.69488E-04	-0.000010694	0.000083978
12175	0.00030553	-0.12286E-03	-0.000035738	-0.11367E-03	9.5977E-06	-0.000076928
12176	-0.00017889	 0.72424E-04	0.000019794	 0.67217E-04	-0.000014543	0.00011214
12176	0.00029576	-0.11881E-03	-0.000034703	-0.11108E-03	0.000012835	-0.00010037
12177	-0.00016597	 0.68476E-04	0.000015504	 0.63453E-04	-0.000018124	0.00013742
12177	0.00028132	-0.11359E-03	-0.000031571	-0.10713E-03	0.000015888	-0.00012167
12178	-0.00014887	 0.63621E-04	9.0849E-06	 0.58165E-04	-0.000020953	0.00015666
12178	0.00026288	-0.10742E-03	-0.000026578	-0.10163E-03	0.000018335	-0.00013807
12179	-0.00012885	 0.58001E-04	1.4918E-06	 0.51539E-04	-0.000022603	0.00016745
12179	0.0002416	-0.10050E-03	-0.000020494	-0.94629E-04	0.0000198	-0.00014746
12180	-0.00010746	 0.51716E-04	-5.9642E-06	 0.44088E-04	-0.000022896	0.00016876
12180	0.0002189	-0.92981E-04	-0.000014387	-0.86629E-04	0.000020119	-0.00014887
12181	-0.000086276	 0.44896E-04	-0.000012049	 0.36363E-04	-0.000021892	0.0001611
12181	0.0001962	-0.85039E-04	-9.2359E-06	-0.78178E-04	0.000019333	-0.0001427
12182	-0.000066478	 0.37688E-04	-0.000015929	 0.28843E-04	-0.00001986	0.00014623
12182	0.00017461	-0.76872E-04	-5.6722E-06	-0.69809E-04	0.000017671	-0.00013041
12183	-0.000048658	 0.30228E-04	-0.00001733	 0.21793E-04	-0.000017134	0.00012639
12183	0.00015467	-0.68653E-04	-3.8503E-06	-0.61827E-04	0.000015421	-0.00011396
12184	-0.000032679	 0.22560E-04	-0.000016483	 0.15186E-04	-0.000013989	0.00010367
12184	0.00013627	-0.60465E-04	-0.000003478	-0.54162E-04	0.00001282	-0.000095148
12185	-0.000017739	 0.14577E-04	-0.000013945	 0.88107E-05	-0.000010638	0.000079512
12185	0.00011862	-0.52226E-04	-3.9686E-06	-0.46587E-04	0.000010047	-0.000075187
12186	-2.6228E-06	 0.60572E-05	-0.000010443	 0.23527E-05	-7.1946E-06	0.000054453
12186	0.00010051	-0.43724E-04	-4.5801E-06	-0.38797E-04	7.1861E-06	-0.000054448
12187	0.000013664	-0.31080E-05	-6.7281E-06	-0.44171E-05	-0.000003733	0.000028645
12187	0.000079437	-0.34158E-04	-4.5414E-06	-0.30102E-04	4.2649E-06	-0.000032764
12188	0.000024799	-0.96739E-05	-3.5553E-06	-0.90460E-05	-7.6266E-07	5.9032E-06
12188	0.000051912	-0.22147E-04	-3.3703E-06	-0.19446E-04	1.6038E-06	-0.000012425
12189	0.000025544	-0.10713E-04	-2.0521E-06	-0.95308E-05	5.2259E-07	-4.0404E-06
12189	0.000028041	-0.11813E-04	-2.1411E-06	-0.10469E-04	3.3548E-07	-0.000002598
12190	0.000019392	-0.82676E-05	-0.000001265	-0.73042E-05	4.4527E-07	-3.4298E-06
12190	0.000017175	-0.72557E-05	-0.000001263	-0.64519E-05	2.9995E-07	-2.3101E-06
12191	0.000012625	-0.54028E-05	-7.8274E-07	-0.47432E-05	2.8914E-07	-0.000002236
12191	0.000012389	-0.53021E-05	-7.6753E-07	-0.46535E-05	3.056E-07	-2.3643E-06
12192	8.5234E-06	-0.36731E-05	-4.8106E-07	-0.31542E-05	2.2076E-07	-1.7362E-06
12192	8.6183E-06	-0.37182E-05	-4.7722E-07	-0.31910E-05	2.2815E-07	-0.000001794
12193	0.000005919	-0.25698E-05	-2.9837E-07	-0.21579E-05	1.6713E-07	-0.000001336
12193	5.8313E-06	-0.25307E-05	-2.9621E-07	-0.21257E-05	1.6223E-07	-1.2968E-06
12194	4.0641E-06	-0.17713E-05	-1.9001E-07	-0.14852E-05	1.2182E-07	-9.7229E-07
12194	3.9772E-06	-0.17329E-05	-1.8721E-07	-0.14534E-05	1.1953E-07	-9.5402E-07
12195	2.7537E-06	-0.12045E-05	-1.1652E-07	-0.10289E-05	8.9392E-08	-6.9892E-07
12195	0.000002722	-0.11906E-05	-1.1509E-07	-0.10172E-05	8.8765E-08	-6.9401E-07
12196	1.8504E-06	-0.81078E-06	-7.3726E-08	-0.70244E-06	6.5091E-08	-5.0165E-07
12196	1.8478E-06	-0.81006E-06	-7.2693E-08	-0.70155E-06	6.4478E-08	-4.9692E-07
12197	1.2265E-06	-0.53888E-06	-4.6709E-08	-0.45924E-06	4.576E-08	-3.5791E-07
12197	1.2223E-06	-0.53721E-06	-4.6132E-08	-0.45776E-06	4.5107E-08	-3.5279E-07
12198	7.7972E-07	-0.34311E-06	-2.9754E-08	-0.28333E-06	3.1072E-08	-2.5032E-07
12198	7.6528E-07	-0.33664E-06	-2.9458E-08	-0.27808E-06	3.0551E-08	-2.4612E-07
12199	4.3402E-07	-0.19032E-06	-1.8252E-08	-0.15572E-06	2.0026E-08	-1.6293E-07
12199	4.2221E-07	-0.18497E-06	-1.8114E-08	-0.15145E-06	1.9699E-08	-1.6027E-07
12200	1.5975E-07	-0.67129E-07	-1.288E-08	-0.57360E-07	1.0494E-08	-8.3826E-08
12200	1.5747E-07	-0.66172E-07	-1.2689E-08	-0.56556E-07	1.0267E-08	-8.2034E-08
12201	2.5522E-08	-0.75376E-08	-8.8484E-09	-0.86953E-08	5.1811E-09	-3.9824E-08
12201	2.5813E-08	-0.77041E-08	-8.7772E-09	-0.88107E-08	4.9345E-09	-3.7932E-08
12202	1.0053E-08	-0.12612E-08	-7.1443E-09	-0.30287E-08	4.2964E-09	-3.2679E-08
12202	9.5486E-09	-0.10273E-08	-7.1526E-09	-0.28306E-08	4.0623E-09	-3.0899E-08
12203	7.4256E-09	-0.69259E-09	-5.7965E-09	-0.21328E-08	3.7832E-09	-2.9348E-08
12203	7.4444E-09	-0.69568E-09	-5.8084E-09	-0.21374E-08	3.5644E-09	-2.765E-08
12204	5.3326E-09	-0.89727E-10	-5.0438E-09	-0.13828E-08	3.1722E-09	-2.5318E-08
12204	5.5053E-09	-0.17001E-09	-5.0411E-09	-0.14472E-08	2.9612E-09	-2.3632E-08
12205	3.861E-09	 0.55271E-09	-4.979E-09	-0.83240E-09	2.5444E-09	-2.0531E-08
12205	3.9667E-09	 0.50228E-09	-4.9746E-09	-0.87166E-09	2.3336E-09	-1.883E-08
12206	2.9903E-09	 0.13026E-08	-5.7316E-09	-0.43021E-09	1.8775E-09	-1.4922E-08
12206	3.0169E-09	 0.12936E-08	-5.7385E-09	-0.43919E-09	1.6598E-09	-1.3197E-08
12207	2.8366E-09	 0.22115E-08	-7.5305E-09	-0.16402E-09	1.0729E-09	-8.2923E-09
12207	2.8408E-09	 0.22209E-08	-7.5548E-09	-0.16263E-09	8.6211E-10	-6.6735E-09
