Node #	x (correct)	y (correct)	z (correct)	xy (correct)	yz (correct) 	xz (correct) 
11651	3.8187E-10	3.6476E-10	-1.1577E-09	4.486E-12	-8.3046E-11	-6.4415E-10
11651	3.8968E-10	3.7623E-10	-1.19E-09	3.5255E-12	-5.0053E-11	-3.8824E-10
11652	1.4141E-08	1.3511E-08	-4.2879E-08	-1.7017E-10	-2.0663E-10	1.5579E-09
11652	1.425E-08	1.3687E-08	-4.3363E-08	-1.5239E-10	-2.5746E-10	1.9407E-09
11653	3.1915E-10	2.7736E-10	-9.0852E-10	1.1148E-11	-1.4698E-10	-1.1233E-09
11653	3.2385E-10	2.892E-10	-9.3855E-10	9.2433E-12	-1.1114E-10	-8.484E-10
11654	3.1343E-10	2.0043E-10	-7.3763E-10	3.0619E-11	-2.6673E-10	-2.0074E-09
11654	3.1046E-10	2.144E-10	-7.6472E-10	2.6032E-11	-2.2803E-10	-1.7156E-09
11655	3.5444E-10	1.31E-10	-6.286E-10	6.0927E-11	-3.6984E-10	-2.7627E-09
11655	3.4076E-10	1.4843E-10	-6.5265E-10	5.2443E-11	-3.3069E-10	-2.4702E-09
11656	4.3406E-10	6.7382E-11	-5.7002E-10	9.9114E-11	-4.5379E-10	-3.4146E-09
11656	4.0909E-10	8.8132E-11	-5.9013E-10	8.6748E-11	-4.1368E-10	-3.113E-09
11657	5.4324E-10	8.2979E-12	-5.5045E-10	1.4198E-10	-5.1862E-10	-3.9716E-09
11657	5.1318E-10	2.8952E-11	-5.6533E-10	1.2849E-10	-4.7779E-10	-3.6591E-09
11658	6.7764E-10	-4.8108E-11	-5.6145E-10	1.9021E-10	-5.7174E-10	-4.4352E-09
11658	6.5471E-10	-3.3665E-11	-5.6996E-10	1.804E-10	-5.3007E-10	-4.112E-09
11659	1.9816E-09	-6.2726E-10	-5.9625E-10	6.9024E-10	-6.8998E-10	-5.3265E-09
11659	2.1402E-09	-6.9811E-10	-5.9961E-10	7.5114E-10	-6.4761E-10	-4.9991E-09
11660	1.3871E-08	-6.0325E-09	-6.3217E-10	5.3744E-09	-1.3811E-09	-1.0448E-08
11660	1.427E-08	-6.2131E-09	-6.3525E-10	5.53E-09	-1.3423E-09	-1.0154E-08
11661	3.8337E-08	-1.7057E-08	-9.1211E-10	1.5029E-08	-2.6514E-09	-1.9903E-08
11661	3.8571E-08	-1.7162E-08	-9.1573E-10	1.512E-08	-2.6181E-09	-1.9652E-08
11662	6.9653E-08	-3.1151E-08	-1.352E-09	2.7074E-08	-4.1348E-09	-3.1323E-08
11662	6.9121E-08	-3.0915E-08	-1.3357E-09	2.6869E-08	-4.0988E-09	-3.105E-08
11663	1.1084E-07	-4.9681E-08	-2.0333E-09	4.2293E-08	-6.094E-09	-4.7041E-08
11663	1.0893E-07	-4.8821E-08	-2.0105E-09	4.1566E-08	-6.039E-09	-4.6616E-08
11664	1.6686E-07	-7.4855E-08	-2.9799E-09	6.3315E-08	-9.0829E-09	-7.0521E-08
11664	1.6379E-07	-7.3472E-08	-2.9341E-09	6.2148E-08	-8.9977E-09	-6.9859E-08
11665	2.4406E-07	-1.0945E-07	-4.2168E-09	9.4048E-08	-1.3975E-08	-1.0686E-07
11665	2.4197E-07	-1.0853E-07	-4.1528E-09	9.3254E-08	-1.3838E-08	-1.0581E-07
11666	3.5275E-07	-1.5831E-07	-5.515E-09	1.3832E-07	-2.1799E-08	-1.6395E-07
11666	3.5396E-07	-1.5888E-07	-5.4599E-09	1.388E-07	-2.1686E-08	-1.631E-07
11667	5.1609E-07	-2.3189E-07	-7.4485E-09	2.0255E-07	-3.4018E-08	-2.558E-07
11667	5.0721E-07	-2.2791E-07	-7.304E-09	1.9909E-07	-3.4029E-08	-2.5587E-07
11668	7.6072E-07	-3.4308E-07	-8.7349E-09	2.9562E-07	-5.4182E-08	-4.1186E-07
11668	7.1699E-07	-3.2323E-07	-8.511E-09	2.7863E-07	-5.3008E-08	-4.0292E-07
11669	1.0356E-06	-4.6874E-07	-8.5995E-09	4.0067E-07	-8.7641E-08	-6.6959E-07
11669	1.0935E-06	-4.9502E-07	-8.9454E-09	4.2309E-07	-8.5269E-08	-6.5148E-07
11670	1.3663E-06	-6.2082E-07	-5.6112E-09	5.3318E-07	-1.384E-07	-1.0492E-06
11670	1.6939E-06	-7.7071E-07	-4.6497E-09	6.6153E-07	-1.4943E-07	-1.1328E-06
11671	2.7361E-06	-1.2483E-06	1.3738E-09	0.000001081	-2.3714E-07	-1.7806E-06
11671	1.6527E-06	-7.5963E-07	1.2627E-08	6.528E-07	-2.5192E-07	-1.8922E-06
11672	5.4609E-06	-2.5124E-06	4.6236E-08	0.000002152	-4.973E-07	-3.7509E-06
11672	6.6441E-07	-3.1699E-07	3.0194E-08	2.6666E-07	-2.9906E-07	-2.2541E-06
11673	7.3512E-06	-0.000003444	1.8893E-07	2.8703E-06	-8.1471E-07	-6.2369E-06
11673	-1.7554E-07	7.5325E-08	1.0471E-08	-6.5813E-08	-1.654E-07	-0.000001261
11674	0.000007599	-3.6798E-06	4.4647E-07	2.9588E-06	-1.0487E-06	-8.1321E-06
11674	-3.7279E-07	2.0019E-07	-6.4144E-08	-1.5039E-07	7.2351E-08	5.625E-07
11675	7.3604E-06	-3.7357E-06	8.0248E-07	0.000002924	-1.2702E-06	-0.0000098
11675	-2.333E-07	1.9624E-07	-1.9251E-07	-1.1288E-07	2.9034E-07	0.000002238
11676	7.0407E-06	-3.7872E-06	1.2346E-06	2.9081E-06	-1.4974E-06	-0.000011341
11676	-2.5915E-08	1.8367E-07	-3.6903E-07	-5.5855E-08	4.8287E-07	3.6559E-06
11677	0.000006691	-3.8519E-06	0.000001721	0.000002864	-1.7055E-06	-0.000012783
11677	2.1511E-07	1.7586E-07	-5.8856E-07	1.0465E-08	6.4643E-07	4.8459E-06
11678	6.2734E-06	-3.9099E-06	2.2513E-06	2.7433E-06	-1.8701E-06	-0.000014137
11678	5.3396E-07	1.4602E-07	-8.3705E-07	1.0334E-07	7.6981E-07	5.8209E-06
11679	5.7426E-06	-3.9402E-06	2.8318E-06	2.5767E-06	-2.0136E-06	-0.000015399
11679	9.6491E-07	7.1811E-08	-1.1003E-06	2.3666E-07	8.5992E-07	6.5782E-06
11680	5.1409E-06	-3.9499E-06	3.4449E-06	2.4359E-06	-2.1803E-06	-0.00001655
11680	1.4641E-06	-2.5313E-08	-1.3805E-06	3.9943E-07	9.3599E-07	7.1088E-06
11681	0.000004582	-3.9759E-06	4.0596E-06	0.000002367	-2.3899E-06	-0.000017586
11681	1.9326E-06	-8.8939E-08	-1.7003E-06	5.6017E-07	1.0079E-06	7.4234E-06
11682	0.000004177	-4.0544E-06	4.6413E-06	2.3841E-06	-2.6297E-06	-0.000018517
11682	2.2813E-06	-6.5159E-08	-2.0882E-06	6.7963E-07	1.0721E-06	7.5574E-06
11683	3.9709E-06	-4.2004E-06	5.1732E-06	2.4696E-06	-2.8631E-06	-0.000019366
11683	2.4832E-06	6.7696E-08	-2.5666E-06	7.2836E-07	1.1177E-06	0.000007567
11684	3.9232E-06	-4.3948E-06	5.6492E-06	2.5819E-06	-3.0536E-06	-0.000020142
11684	2.5776E-06	2.7896E-07	-3.1107E-06	7.1094E-07	1.1357E-06	7.4949E-06
11685	3.9504E-06	-4.6161E-06	6.1037E-06	2.6829E-06	-3.1891E-06	-0.000020861
11685	2.6281E-06	5.2765E-07	-3.6946E-06	6.5496E-07	1.1287E-06	7.3831E-06
11686	0.000003965	-4.8396E-06	6.5687E-06	2.7432E-06	-3.2747E-06	-0.000021527
11686	2.6965E-06	7.6818E-07	-0.00000428	5.9772E-07	1.1022E-06	7.2415E-06
11687	3.9088E-06	-5.0452E-06	7.0621E-06	2.7645E-06	-3.3386E-06	-0.000022136
11687	2.8207E-06	9.6681E-07	-4.8298E-06	5.691E-07	1.0637E-06	7.0458E-06
11688	3.7943E-06	-5.2305E-06	7.5721E-06	2.7821E-06	-3.4169E-06	-0.000022686
11688	2.9878E-06	1.1315E-06	-5.3474E-06	5.6897E-07	1.0224E-06	0.000006779
11689	0.000003679	-5.4048E-06	8.0633E-06	2.8211E-06	-0.000003516	-0.000023177
11689	3.1597E-06	0.000001294	-5.8643E-06	5.7603E-07	9.7937E-07	6.4438E-06
11690	0.000003599	-5.5726E-06	8.5066E-06	0.000002871	-3.6089E-06	-0.000023611
11690	3.3189E-06	1.4688E-06	-0.000006395	5.7547E-07	9.2694E-07	6.0469E-06
11691	3.5387E-06	-5.7342E-06	8.9142E-06	2.9079E-06	-3.6725E-06	-0.000023986
11691	3.4753E-06	1.6429E-06	-6.9221E-06	5.7073E-07	8.6033E-07	5.5954E-06
11692	3.4641E-06	-5.8831E-06	9.3068E-06	2.9262E-06	-3.7144E-06	-0.000024299
11692	3.6456E-06	0.000001795	-7.4159E-06	5.7534E-07	7.8161E-07	5.0839E-06
11693	3.3691E-06	-6.0135E-06	9.6804E-06	2.9379E-06	-0.000003753	-0.000024545
11693	3.8332E-06	0.000001922	-7.8722E-06	5.944E-07	6.9421E-07	4.5053E-06
11694	3.2742E-06	-6.1247E-06	0.000010014	2.9547E-06	-3.7945E-06	-0.000024722
11694	4.0272E-06	2.0342E-06	-8.3023E-06	6.2253E-07	5.9809E-07	3.8549E-06
11695	3.2056E-06	-6.2178E-06	0.000010285	2.9837E-06	-3.8366E-06	-0.000024822
11695	4.2146E-06	0.000002144	-8.7203E-06	6.5168E-07	4.9255E-07	3.1371E-06
11696	3.1767E-06	-6.2898E-06	0.000010472	3.0165E-06	-3.8624E-06	-0.000024836
11696	4.3941E-06	2.2545E-06	-9.1325E-06	6.7785E-07	3.7638E-07	2.3606E-06
11697	0.000003167	-6.3383E-06	0.000010586	3.0323E-06	-3.8542E-06	-0.000024753
11697	4.5775E-06	2.3496E-06	-9.5156E-06	7.0682E-07	2.5004E-07	0.000001535
11698	3.1349E-06	-6.3549E-06	0.000010651	3.0126E-06	-3.8073E-06	-0.000024563
11698	4.7886E-06	2.4016E-06	-9.8334E-06	7.5384E-07	1.1385E-07	6.5206E-07
11699	3.0332E-06	-6.3283E-06	0.000010687	2.9407E-06	-3.7222E-06	-0.000024256
11699	5.0563E-06	2.3802E-06	-0.000010049	8.3637E-07	-3.3937E-08	-3.1443E-07
11700	2.8274E-06	-6.2518E-06	0.000010717	2.8191E-06	-3.6164E-06	-0.000023828
11700	5.3932E-06	2.2632E-06	-0.000010127	9.6738E-07	-1.9806E-07	-0.000001408
11701	0.000002535	-6.1201E-06	0.000010716	2.6729E-06	-3.5162E-06	-0.000023284
11701	5.7891E-06	0.000002061	-0.000010078	1.1467E-06	-3.8544E-07	-2.6659E-06
11702	2.2116E-06	-5.9303E-06	0.000010623	2.5222E-06	-3.4244E-06	-0.000022607
11702	6.2229E-06	1.8017E-06	-9.9407E-06	0.000001365	-6.0711E-07	-4.1301E-06
11703	1.9137E-06	-5.6826E-06	0.000010383	2.3762E-06	-3.3276E-06	-0.000021769
11703	6.6718E-06	1.5117E-06	-9.7504E-06	1.6092E-06	-8.6844E-07	-0.000005807
11704	0.000001675	-5.3786E-06	9.9648E-06	2.2329E-06	-3.2063E-06	-0.000020745
11704	7.1176E-06	1.2056E-06	-0.000009521	1.8659E-06	-1.1647E-06	-7.6653E-06
11705	1.4809E-06	-0.000005011	9.3636E-06	2.0695E-06	-3.0328E-06	-0.000019497
11705	0.000007574	8.6802E-07	-9.2347E-06	2.1309E-06	-0.000001484	-9.6797E-06
11706	1.2597E-06	-4.5633E-06	8.6125E-06	0.000001851	-2.7886E-06	-0.000017981
11706	8.0863E-06	4.4998E-07	-0.000008833	2.4187E-06	-1.8158E-06	-0.00001186
11707	9.262E-07	-4.0116E-06	7.7446E-06	1.5536E-06	-2.4815E-06	-0.000016168
11707	0.000008706	-1.014E-07	-8.2522E-06	2.7591E-06	-2.1621E-06	-0.000014248
11708	4.3288E-07	-3.3346E-06	6.7635E-06	0.000001173	-2.1311E-06	-0.00001404
11708	9.4649E-06	-8.1374E-07	-7.4617E-06	0.000003183	-2.5424E-06	-0.000016917
11709	-2.1139E-07	-2.5198E-06	5.6346E-06	7.1642E-07	-1.7476E-06	-0.000011577
11709	0.000010365	-1.6835E-06	-6.4678E-06	3.7107E-06	-2.9858E-06	-0.00001995
11710	-9.7484E-07	-1.5582E-06	4.3067E-06	1.8483E-07	-1.3189E-06	-0.000008743
11710	0.000011401	-2.6987E-06	-5.2901E-06	4.3402E-06	-3.5068E-06	-0.000023415
11711	-1.8513E-06	-4.3974E-07	2.7509E-06	-4.2998E-07	-8.2719E-07	-5.4825E-06
11711	0.000012579	-3.8649E-06	-3.9249E-06	5.0674E-06	-4.1079E-06	-0.000027371
11712	-2.8529E-06	8.5384E-07	9.3936E-07	-1.1402E-06	-2.6097E-07	-1.7345E-06
11712	0.000013923	-5.1967E-06	-2.3624E-06	5.9056E-06	-4.7982E-06	-0.000031871
11713	-3.9968E-06	2.3379E-06	-1.1454E-06	-1.9621E-06	3.9338E-07	2.5723E-06
11713	0.000015459	-6.7069E-06	-5.9871E-07	0.00000688	-5.5962E-06	-0.000036972
11714	-5.2938E-06	4.0242E-06	-3.5207E-06	-2.9171E-06	0.000001157	0.000007523
11714	0.000017206	-8.4044E-06	1.3707E-06	8.0266E-06	-6.5314E-06	-0.00004273
11715	-0.000006772	5.9282E-06	-6.1933E-06	-4.0218E-06	2.0516E-06	0.000013218
11715	0.000019194	-0.000010313	0.000003567	9.3511E-06	-7.6046E-06	-0.000049205
11716	-8.5522E-06	8.1035E-06	-9.1521E-06	-5.2812E-06	3.0695E-06	0.000019772
11716	0.000021547	-0.000012498	5.9906E-06	0.000010803	-8.7429E-06	-0.000056474
11717	-0.000010835	0.000010652	-0.00001241	-6.7185E-06	4.1828E-06	0.000027319
11717	0.000024499	-0.000015039	8.5689E-06	0.000012373	-9.8851E-06	-0.00006468
11718	-0.000013719	0.000013694	-0.000016144	-8.4822E-06	5.4477E-06	0.000035969
11718	0.000028233	-0.00001798	0.000011248	0.000014304	-0.000011191	-0.000073997
11719	-0.000017164	0.000017123	-0.000020211	-0.000010812	7.0494E-06	0.000045772
11719	0.0000327	-0.000021245	0.000013984	0.000017006	-0.000013001	-0.000084513
11720	-0.000021119	0.000020738	-0.00002427	-0.00001386	9.1599E-06	0.000056833
11720	0.000037704	-0.000024799	0.000016949	0.000020688	-0.000015504	-0.000096258
11721	-0.00002569	0.000024423	-0.000027958	-0.000017518	0.000011749	0.000069292
11721	0.00004321	-0.000028723	0.000020317	0.000025137	-0.000018529	-0.00010928
11722	-0.000031299	0.000028312	-0.000031066	-0.000021506	0.000014529	0.000083209
11722	0.000049651	-0.000033217	0.00002398	0.000029891	-0.000021602	-0.00012363
11723	-0.000038604	0.00003276	-0.000033654	-0.000025793	0.000017236	0.000098563
11723	0.000057834	-0.000038426	0.000027371	0.000034791	-0.000024379	-0.00013925
11724	-0.000048199	0.000038012	-0.000035711	-0.000030874	0.000019948	0.00011515
11724	0.000068456	-0.000044346	0.000029865	0.000040396	-0.000027033	-0.00015584
11725	-0.000060482	0.000043957	-0.000036713	-0.000037377	0.000022858	0.0001322
11725	0.000081831	-0.000050887	0.0000311	0.000047491	-0.000029899	-0.00017267
11726	-0.000075746	0.000050361	-0.000035896	-0.000045449	0.000025814	0.00014846
11726	0.000098038	-0.000057997	0.000030914	0.000056226	-0.000032859	-0.0001887
11727	-0.000094234	0.000057166	-0.000032785	-0.000054556	0.000028183	0.00016221
11727	0.00011723	-0.000065658	0.000028979	0.000065894	-0.000035226	-0.00020244
11728	-0.00011574	0.000064414	-0.000027556	-0.00006403	0.000029337	0.00017125
11728	0.00013934	-0.000073756	0.000024967	0.000075729	-0.000036347	-0.00021184
11729	-0.00013919	0.000071774	-0.000020602	-0.000073769	0.000029187	0.00017343
11729	0.00016345	-0.000081849	0.000018931	0.000085749	-0.000036191	-0.00021469
11730	-0.00016283	0.000078717	-0.000012684	-0.000084029	0.000027886	0.00016711
11730	0.00018768	-0.000089455	0.000011853	0.000096363	-0.000034984	-0.00020924
11731	-0.00018454	0.000084741	-4.8321E-06	-0.000094328	0.000025396	0.0001519
11731	0.00020982	-0.000096129	5.0019E-06	0.0001071	-0.000032717	-0.00019518
11732	-0.00020233	0.00008959	1.6938E-06	-0.00010327	0.000021613	0.0001289
11732	0.00022797	-0.00010161	-4.7984E-07	0.0001165	-0.000029272	-0.00017387
11733	-0.00021501	0.000093275	5.9334E-06	-0.00010927	0.000016709	0.00010054
11733	0.00024109	-0.00010588	-3.8688E-06	0.00012286	-0.000024776	-0.00014791
11734	-0.00022233	0.00009592	7.5116E-06	-0.00011158	0.000011268	0.000069984
11734	0.00024901	-0.00010904	-4.9596E-06	0.00012537	-0.000019746	-0.00012038
11735	-0.00022469	0.000097526	6.7183E-06	-0.00011079	6.0164E-06	0.00004021
11735	0.00025216	-0.00011107	-0.000004088	0.0001247	-0.000014871	-0.000093894
11736	-0.00022285	0.000098009	0.00000425	-0.00010835	1.4609E-06	0.000013481
11736	0.00025128	-0.00011188	-1.8918E-06	0.00012242	-0.000010655	-0.000070218
11737	-0.00021766	0.000097306	8.5118E-07	-0.00010578	-2.2609E-06	-8.9833E-06
11737	0.00024711	-0.00011134	8.5799E-07	0.00012014	-7.2704E-06	-0.000050131
11738	-0.00020986	0.000095397	-2.7998E-06	-0.00010371	-0.000005275	-0.000027009
11738	0.0002403	-0.00010944	3.6081E-06	0.00011857	-0.000004628	-0.000033703
11739	-0.00020031	0.000092514	-0.000006157	-0.00010129	-7.7293E-06	-0.000041195
11739	0.00023166	-0.00010654	6.0906E-06	0.00011672	-2.5352E-06	-0.000020644
11740	-0.00019013	0.000089278	-9.0698E-06	-0.000097003	-9.6135E-06	-0.000052384
11740	0.00022227	-0.00010327	0.000008171	0.00011273	-8.7623E-07	-0.000010595
11741	-0.00018028	0.000086164	-0.000011521	-0.000090566	-0.000010884	-0.000061327
11741	0.00021315	-0.00010007	9.6697E-06	0.00010617	3.794E-07	-0.000003017
11742	-0.000171	0.000083236	-0.000013706	-0.000083778	-0.000011701	-0.000068426
11742	0.00020473	-0.000096939	0.000010494	0.000099102	1.2895E-06	2.8033E-06
11743	-0.00016206	0.000080243	-0.000015684	-0.000078533	-0.000012364	-0.000073869
11743	0.0001967	-0.000093555	0.000010713	0.000093766	0.000001989	7.5477E-06
11744	-0.00015311	0.000076942	-0.000017348	-0.000075086	-0.00001305	-0.000077873
11744	0.00018849	-0.000089739	0.000010565	0.000090507	2.6053E-06	0.000011659
11745	-0.00014389	0.000073267	-0.000018641	-0.000072364	-0.000013726	-0.000080738
11745	0.00017981	-0.000085557	0.000010289	0.000088133	3.1818E-06	0.00001529
11746	-0.00013444	0.000069339	-0.000019519	-0.000068977	-0.000014224	-0.000082853
11746	0.00017075	-0.000081246	0.000010002	0.000085005	0.000003692	0.000018489
11747	-0.00012513	0.000065486	-0.000020193	-0.000064427	-0.000014414	-0.000084424
11747	0.00016178	-0.000077062	9.6323E-06	0.000080432	0.000004078	0.000021194
11748	-0.0001163	0.000061901	-0.000020823	-0.000059197	-0.000014324	-0.000085546
11748	0.00015332	-0.000073109	9.0574E-06	0.000074929	0.000004341	0.000023502
11749	-0.00010802	0.00005861	-0.000021525	-0.000054066	-0.000014078	-0.000086171
11749	0.0001455	-0.000069347	8.2368E-06	0.00006943	4.5344E-06	0.00002558
11750	-0.00010011	0.000055489	-0.000022346	-0.000049771	-0.000013863	-0.000086173
11750	0.00013808	-0.00006559	7.1767E-06	0.000064878	4.7419E-06	0.000027563
11751	-0.000092111	0.00005222	-0.000023147	-0.0000466	-0.000013849	-0.000085495
11751	0.0001305	-0.000061601	6.0506E-06	0.000061774	5.0554E-06	0.000029588
11752	-0.000083497	0.000048498	-0.000023748	-0.000044096	-0.000014052	-0.000084192
11752	0.00012211	-0.000057207	5.0741E-06	0.000059679	5.5067E-06	0.000031678
11753	-0.000074	0.000044207	-0.000024023	-0.000041301	-0.000014313	-0.000082444
11753	0.00011257	-0.000052392	4.3982E-06	0.000057425	6.0388E-06	0.000033753
11754	-0.000063629	0.000039407	-0.000023951	-0.000037479	-0.000014465	-0.000080484
11754	0.00010191	-0.000047282	4.0541E-06	0.000054066	0.000006563	0.00003573
11755	-0.000052615	0.000034274	-0.000023628	-0.000032473	-0.000014415	-0.000078491
11755	0.000090477	-0.000042028	0.000003962	0.000049314	0.000007001	0.000037528
11756	-0.000041278	0.000029005	-0.00002318	-0.00002657	-0.000014157	-0.000076571
11756	0.000078665	-0.000036753	3.9943E-06	0.000043412	7.3107E-06	0.000039104
11757	-0.000029872	0.000023734	-0.000022724	-0.000020284	-0.000013769	-0.000074734
11757	0.000066798	-0.000031508	4.0357E-06	0.000036955	7.5121E-06	0.000040458
11758	-0.000018504	0.000018499	-0.000022303	-0.000013999	-0.000013367	-0.000072951
11758	0.000054982	-0.00002627	4.0312E-06	0.000030457	7.6648E-06	0.000041612
11759	-7.1415E-06	0.000013271	-0.000021908	-7.7867E-06	-0.000013024	-0.000071179
11759	0.000043148	-0.000020998	3.9979E-06	0.000024075	7.8158E-06	0.000042584
11760	4.3126E-06	0.000007993	-0.00002149	-1.5208E-06	-0.000012737	-0.000069408
11760	0.000031186	-0.000015667	3.9735E-06	0.000017699	7.9795E-06	0.000043419
11761	0.0000159	2.6418E-06	-0.000021033	4.8729E-06	-0.00001244	-0.000067647
11761	0.000019067	-0.000010285	3.9773E-06	0.000011175	8.1193E-06	0.000044148
11762	0.000027537	-2.7353E-06	-0.000020572	0.000011272	-0.00001207	-0.00006591
11762	6.9075E-06	-4.8855E-06	3.9644E-06	4.5417E-06	8.1909E-06	0.000044772
11763	0.00003911	-8.0707E-06	-0.000020158	0.000017539	-0.000011659	-0.000064178
11763	-5.1534E-06	5.0462E-07	3.8818E-06	-2.0247E-06	8.2131E-06	0.000045293
11764	0.000050607	-0.000013347	-0.000019796	0.00002377	-0.000011284	-0.00006241
11764	-0.000017124	0.000005897	3.7163E-06	-8.5171E-06	8.2485E-06	0.000045728
11765	0.000062119	-0.000018609	-0.000019442	0.000030186	-0.000010979	-0.000060578
11765	-0.000029143	0.000011319	3.5182E-06	-0.000015111	8.3298E-06	0.000046089
11766	0.000073763	-0.000023933	-0.000019052	0.000036828	-0.000010693	-0.000058695
11766	-0.000041326	0.0000168	3.3274E-06	-0.000021899	8.4247E-06	0.000046382
11767	0.000085594	-0.000029352	-0.000018633	0.000043578	-0.000010379	-0.00005678
11767	-0.000053677	0.000022354	3.1348E-06	-0.000028814	0.000008493	0.000046605
11768	0.000097588	-0.000034853	-0.000018211	0.000050341	-0.00001003	-0.000054838
11768	-0.000066141	0.000027973	0.000002915	-0.000035763	8.5281E-06	0.000046764
11769	0.0001097	-0.000040406	-0.000017804	0.000057063	-9.6551E-06	-0.000052864
11769	-0.000078673	0.000033651	2.6451E-06	-0.000042692	8.5352E-06	0.000046864
11770	0.00012188	-0.000045975	-0.000017429	0.000063843	-9.2771E-06	-0.000050851
11770	-0.000091239	0.000039373	0.000002309	-0.000049671	8.5351E-06	0.000046902
11771	0.00013413	-0.000051556	-0.000017067	0.000070811	-8.9118E-06	-0.000048798
11771	-0.00010385	0.000045127	0.000001927	-0.000056807	8.5411E-06	0.000046868
11772	0.00014648	-0.000057164	-0.000016708	0.000078001	-8.5541E-06	-0.000046706
11772	-0.00011658	0.000050933	1.5056E-06	-0.000064153	8.5503E-06	0.000046761
11773	0.00015897	-0.000062814	-0.000016352	0.000085398	-8.1964E-06	-0.000044577
11773	-0.00012946	0.000056814	0.000001049	-0.000071721	8.5561E-06	0.000046584
11774	0.00017164	-0.000068564	-0.000015996	0.000092753	-7.8154E-06	-0.000042427
11774	-0.00014254	0.000062806	5.6265E-07	-0.000079284	0.00000853	0.000046329
11775	0.00018454	-0.000074436	-0.000015676	0.000099792	-7.3997E-06	-0.000040274
11775	-0.00015575	0.000068916	2.007E-08	-0.00008656	8.4499E-06	0.000045987
11776	0.00019754	-0.000080354	-0.000015398	0.00010673	-0.00000698	-0.000038133
11776	-0.00016898	0.000075085	-5.9108E-07	-0.000093728	8.3425E-06	0.000045544
11777	0.00021057	-0.000086199	-0.000015169	0.00011426	-0.000006602	-0.000036006
11777	-0.00018224	0.000081241	-1.2598E-06	-0.00010144	8.2604E-06	0.000044987
11778	0.00022366	-0.000091972	-0.000014942	0.00012287	-6.2804E-06	-0.000033907
11778	-0.0001956	0.000087355	-1.9451E-06	-0.00011015	8.2242E-06	0.000044311
11779	0.00023705	-0.000097826	-0.000014687	0.00013228	-5.9836E-06	-0.000031861
11779	-0.0002092	0.000093505	-2.6067E-06	-0.00011956	8.1937E-06	0.00004352
11780	0.00025086	-0.00010389	-0.000014382	0.0001419	-5.6807E-06	-0.000029881
11780	-0.0002232	0.000099811	-3.2217E-06	-0.0001292	8.1281E-06	0.000042633
11781	0.00026503	-0.0001101	-0.00001408	0.00015179	-0.000005379	-0.000027971
11781	-0.00023762	0.00010629	-3.8244E-06	-0.00013916	8.0362E-06	0.00004166
11782	0.00027938	-0.00011628	-0.000013733	0.0001631	-5.1198E-06	-0.000026145
11782	-0.00025231	0.00011273	-4.3765E-06	-0.00015048	7.9767E-06	0.000040602
11783	0.00029389	-0.00012226	-0.000013324	0.00017729	-4.9308E-06	-0.000024395
11783	-0.00026721	0.00011894	-4.8236E-06	-0.00016451	8.0027E-06	0.000039469
11784	0.00030867	-0.0001281	-0.000012782	0.00019436	-4.7795E-06	-0.000022677
11784	-0.00028253	0.00012498	-5.1583E-06	-0.00018135	8.0948E-06	0.0000383
11785	0.00032417	-0.00013421	-0.000012134	0.00021256	-4.5913E-06	-0.000020926
11785	-0.0002987	0.00013124	-5.3756E-06	-0.00019938	8.1676E-06	0.000037149
11786	0.00034087	-0.00014106	-0.000011384	0.00022984	-4.3079E-06	-0.000019079
11786	-0.00031605	0.00013812	-5.4884E-06	-0.00021661	8.1466E-06	0.000036049
11787	0.00035873	-0.00014871	-0.000010619	0.00024528	-3.9224E-06	-0.000017094
11787	-0.00033453	0.00014573	-5.5481E-06	-0.00023214	8.0281E-06	0.000035019
11788	0.00037738	-0.00015693	-9.8745E-06	0.00025916	-3.4629E-06	-0.000014966
11788	-0.00035374	0.00015391	-0.000005657	-0.00024623	7.8522E-06	0.000034067
11789	0.00039645	-0.00016542	-9.1234E-06	0.00027267	-2.9687E-06	-0.000012735
11789	-0.0003733	0.00016231	-5.7715E-06	-0.00025993	0.00000767	0.000033181
11790	0.00041561	-0.00017379	-8.4307E-06	0.00028725	-2.4669E-06	-0.000010437
11790	-0.00039291	0.00017065	-5.9574E-06	-0.00027467	0.000007524	0.000032343
11791	0.00043477	-0.00018192	-0.000007787	0.00030367	-1.9652E-06	-8.1088E-06
11791	-0.00041247	0.00017879	-6.2094E-06	-0.00029116	7.4252E-06	0.00003154
11792	0.00045433	-0.00019014	-0.000007159	0.00032092	-1.4537E-06	-5.7711E-06
11792	-0.00043225	0.00018697	-6.5034E-06	-0.00030836	7.3367E-06	0.000030765
11793	0.00047468	-0.00019891	-6.5734E-06	0.0003368	-9.2577E-07	-0.000003428
11793	-0.00045274	0.00019571	-6.8761E-06	-0.00032423	0.000007205	0.000030009
11794	0.00049579	-0.00020829	-6.0495E-06	0.00035071	-4.0205E-07	-0.000001129
11794	-0.00047397	0.0002051	-7.3474E-06	-0.00033827	7.0246E-06	0.000029257
11795	0.00051705	-0.00021761	-5.5567E-06	0.0003655	8.6355E-08	1.0272E-06
11795	-0.00049514	0.00021441	-7.8884E-06	-0.00035301	0.000006857	0.000028494
11796	0.00053762	-0.00022596	-5.0934E-06	0.00038523	5.3282E-07	2.9674E-06
11796	-0.00051543	0.00022272	-8.4816E-06	-0.00037241	6.7691E-06	0.000027694
11797	0.0005575	-0.00023325	-4.6556E-06	0.00041044	9.5736E-07	4.7123E-06
11797	-0.00053516	0.00023008	-0.000009122	-0.00039722	6.7458E-06	0.000026827
11798	0.00057807	-0.00024076	-4.3206E-06	0.0004362	1.3721E-06	0.000006348
11798	-0.00055562	0.00023778	-9.8872E-06	-0.00042267	6.6805E-06	0.00002587
11799	0.00060077	-0.00024997	-3.9928E-06	0.00045708	1.7595E-06	7.9184E-06
11799	-0.00057782	0.00024702	-0.000010706	-0.00044318	6.4879E-06	0.000024827
11800	0.0006251	-0.00026062	-3.6023E-06	0.00047359	2.0958E-06	9.3684E-06
11800	-0.00060147	0.00025755	-0.000011469	-0.00045932	0.000006199	0.000023702
11801	0.00064918	-0.00027091	-3.2751E-06	0.00049161	2.3858E-06	0.000010604
11801	-0.00062517	0.0002679	-0.000012289	-0.00047719	5.9025E-06	0.000022462
11802	0.0006721	-0.00027978	-0.000002921	0.00051605	0.000002631	0.000011507
11802	-0.00064769	0.00027682	-0.000013069	-0.00050123	5.6498E-06	0.000021114
11803	0.00069472	-0.00028789	-2.5175E-06	0.00054526	2.8125E-06	0.000012043
11803	-0.0006696	0.00028482	-0.000013805	-0.00052963	5.4049E-06	0.000019675
11804	0.00071838	-0.00029662	-2.1773E-06	0.0005734	2.9067E-06	0.000012278
11804	-0.0006927	0.00029356	-0.000014589	-0.00055718	5.0931E-06	0.000018115
11805	0.00074344	-0.00030651	-1.7927E-06	0.00059842	2.8947E-06	0.000012199
11805	-0.00071744	0.0003035	-0.000015327	-0.0005819	4.7058E-06	0.00001645
11806	0.00076878	-0.00031642	-1.2322E-06	0.00062495	2.7829E-06	0.000011734
11806	-0.00074235	0.00031324	-0.000015859	-0.00060791	4.2957E-06	0.000014714
11807	0.00079268	-0.00032451	-5.8791E-07	0.00065936	2.5927E-06	0.000010857
11807	-0.00076592	0.00032114	-0.000016274	-0.0006416	3.9025E-06	0.000012917
11808	0.0008147	-0.00033021	7.7176E-08	0.00070325	2.3306E-06	9.6295E-06
11808	-0.00078804	0.00032684	-0.000016631	-0.00068483	3.5133E-06	0.000011054
11809	0.00083636	-0.00033483	7.271E-07	0.00075245	0.000001997	8.1923E-06
11809	-0.00081001	0.00033156	-0.000016976	-0.00073343	3.0789E-06	9.1054E-06
11810	0.00085942	-0.00034008	1.3946E-06	0.00080158	1.6145E-06	6.7197E-06
11810	-0.00083339	0.00033686	-0.000017244	-0.00078204	2.5572E-06	7.0317E-06
11811	0.00088453	-0.00034677	2.0811E-06	0.00084789	0.000001225	5.3531E-06
11811	-0.000859	0.00034362	-0.000017449	-0.00082815	1.9365E-06	4.8058E-06
11812	0.00091151	-0.00035479	2.7877E-06	0.0008918	8.6426E-07	4.1663E-06
11812	-0.00088672	0.00035169	-0.000017466	-0.00087217	1.2282E-06	2.4295E-06
11813	0.0009392	-0.00036318	3.6956E-06	0.00093623	5.5761E-07	3.1941E-06
11813	-0.00091561	0.00036004	-0.000017135	-0.00091703	4.4793E-07	-7.7497E-08
11814	0.00096622	-0.00037045	4.5191E-06	0.00098465	3.2363E-07	2.4642E-06
11814	-0.00094433	0.00036745	-0.000016654	-0.00096633	-3.9863E-07	-2.6903E-06
11815	0.00099235	-0.00037607	5.2451E-06	0.0010392	1.7573E-07	2.0031E-06
11815	-0.00097194	0.00037314	-0.000016045	-0.0010215	-1.3169E-06	-5.3851E-06
11816	0.0010186	-0.00038105	5.9748E-06	0.0010975	1.343E-07	1.8606E-06
11816	-0.00099941	0.00037792	-0.000015109	-0.00108	-2.3149E-06	-8.1674E-06
11817	0.0010473	-0.00038777	6.3208E-06	0.001152	2.1388E-07	0.000002068
11817	-0.0010298	0.00038472	-0.000014109	-0.0011355	-3.3734E-06	-0.000011048
11818	0.0010803	-0.00039832	6.5917E-06	0.0011979	4.1099E-07	2.6114E-06
11818	-0.001065	0.00039538	-0.000012738	-0.0011831	-4.4493E-06	-0.000014012
11819	0.0011164	-0.00041171	6.8942E-06	0.0012378	7.072E-07	3.4349E-06
11819	-0.0011034	0.00040862	-0.000010737	-0.0012248	-5.5109E-06	-0.000016994
11820	0.0011525	-0.0004247	7.0197E-06	0.0012793	1.0653E-06	4.4114E-06
11820	-0.0011422	0.00042149	-8.2609E-06	-0.0012683	-6.5469E-06	-0.000019862
11821	0.0011859	-0.00043463	0.000006875	0.0013288	1.4524E-06	5.4103E-06
11821	-0.0011791	0.0004314	-5.1745E-06	-0.0013205	-7.5588E-06	-0.000022472
11822	0.0012163	-0.00044087	6.2941E-06	0.0013878	1.8406E-06	6.3278E-06
11822	-0.0012133	0.00043767	-1.4405E-06	-0.0013826	-8.5307E-06	-0.000024717
11823	0.0012445	-0.00044427	5.1579E-06	0.0014537	2.2007E-06	0.000007088
11823	-0.0012457	0.00044119	2.9678E-06	-0.0014521	-9.4234E-06	-0.000026529
11824	0.001272	-0.00044637	3.2155E-06	0.0015218	2.5018E-06	7.6383E-06
11824	-0.0012781	0.00044357	8.1716E-06	-0.0015247	-0.000010183	-0.000027879
11825	0.0013006	-0.00044888	4.9512E-07	0.0015881	0.000002712	7.9364E-06
11825	-0.001312	0.00044642	0.000014362	-0.0015963	-0.000010754	-0.000028743
11826	0.0013303	-0.00045218	-0.000003171	0.001651	0.000002795	7.9148E-06
11826	-0.0013481	0.00045025	0.000021793	-0.0016657	-0.000011091	-0.000029065
11827	0.0013591	-0.00045415	-8.3508E-06	0.0017134	2.7195E-06	7.4875E-06
11827	-0.0013842	0.00045329	0.000030127	-0.0017364	-0.000011183	-0.000028755
11828	0.0013836	-0.00045165	-0.000014971	0.0017817	2.4693E-06	6.6004E-06
11828	-0.001416	0.00045183	0.000039734	-0.0018134	-0.00001105	-0.00002775
11829	0.0014006	-0.00044228	-0.000023213	0.0018572	2.0106E-06	0.000005218
11829	-0.0014399	0.00044352	0.000050202	-0.001898	-0.000010685	-0.000026044
11830	0.0014072	-0.00042526	-0.00003271	0.001935	1.3174E-06	3.3425E-06
11830	-0.0014531	0.00042783	0.000060647	-0.0019862	-0.000010083	-0.000023719
11831	0.0014011	-0.00040207	-0.000041053	0.0020061	3.9447E-07	1.0658E-06
11831	-0.0014526	0.00040606	0.000068528	-0.002068	-9.2558E-06	-0.000020949
11832	0.0013811	-0.00037631	-0.00004394	0.0020606	-7.2242E-07	-1.4571E-06
11832	-0.0014359	0.00038228	0.000067494	-0.002132	-8.2436E-06	-0.000017975
11833	0.0013505	-0.00035331	-0.000035904	0.0020965	-1.9401E-06	-4.0189E-06
11833	-0.001405	0.00036205	0.000050949	-0.0021744	-7.1532E-06	-0.000015089
11834	0.0013204	-0.00033608	-0.00001962	0.0021255	-3.1627E-06	-6.4484E-06
11834	-0.0013713	0.00034829	0.000022213	-0.0022065	-6.1134E-06	-0.000012541
11835	0.00095113	-0.00023694	-6.4776E-06	0.0015702	-3.6557E-06	-7.3267E-06
11835	-0.0011356	0.00028556	-0.000001447	-0.0018838	-4.6923E-06	-9.4192E-06
11836	0.00013676	-0.000032088	-0.000005403	0.00022424	-0.000002826	-5.5891E-06
11836	-0.0006542	0.00016272	-8.0383E-06	-0.0011088	-2.9104E-06	-5.7567E-06
11837	-0.00043587	0.00010729	-6.7631E-06	-0.00074651	-1.6502E-06	-3.2434E-06
11837	-0.00041124	0.00010171	-7.4476E-06	-0.00070468	-1.6256E-06	-3.1951E-06
11838	-0.00056164	0.00013773	-6.6624E-06	-0.0009596	-9.5218E-07	-1.8713E-06
11838	-0.00051986	0.0001276	-6.2893E-06	-0.00088796	-9.5018E-07	-1.8673E-06
11839	-0.00062783	0.00015567	-5.5643E-06	-0.0010614	-6.0382E-07	-1.1945E-06
11839	-0.00061642	0.00015269	-5.4177E-06	-0.0010426	-5.8644E-07	-0.00000116
11840	-0.000705	0.00017776	-4.0979E-06	-0.0011747	-4.5145E-07	-9.0317E-07
11840	-0.00055786	0.00014057	-3.5948E-06	-0.00093068	-4.9093E-07	-9.8302E-07
11841	-0.00024955	0.000063945	-2.0671E-06	-0.00041285	-5.3727E-07	-1.0805E-06
11841	-0.00074736	0.00018887	-1.4599E-06	-0.001237	-6.0743E-07	-1.2216E-06
11842	0.00087699	-0.00020887	-0.000002504	0.0014958	-9.941E-07	-0.000001962
11842	-0.0012999	0.0003164	-1.5745E-06	-0.0022003	-9.2611E-07	-1.8292E-06
11843	0.0016105	-0.00036523	-2.7348E-06	0.0028261	-1.4888E-06	-2.8556E-06
11843	-0.0016392	0.00037408	-2.0783E-06	-0.0028774	-1.2815E-06	-2.4585E-06
11844	0.0016362	-0.00034651	-2.5555E-06	0.0029712	-1.8781E-06	-3.5037E-06
11844	-0.0016203	0.00034468	-0.000001444	-0.0029445	-1.4312E-06	-0.000002677
11845	0.0015264	-0.00031079	-0.000001841	0.0028227	-2.2968E-06	-4.2267E-06
11845	-0.0015105	0.00030873	-1.2273E-06	-0.0027951	-1.4667E-06	-2.7116E-06
11846	0.0014282	-0.00028705	-1.4163E-06	0.0026564	-2.6821E-06	-4.9097E-06
11846	-0.0014129	0.00028495	-1.1453E-06	-0.0026295	-1.4799E-06	-2.7311E-06
11847	0.0013268	-0.00026007	-5.1385E-07	0.0024956	-3.0637E-06	-5.5521E-06
11847	-0.0013124	0.00025788	-1.1365E-06	-0.0024695	-1.4621E-06	-2.6848E-06
11848	0.0012144	-0.00022125	3.5518E-07	0.0023509	-3.3844E-06	-5.9956E-06
11848	-0.0012003	0.00021892	-9.2942E-07	-0.002324	-1.4939E-06	-2.6914E-06
11849	0.0010936	-0.00017405	1.5614E-06	0.0022155	-3.5637E-06	-6.1017E-06
11849	-0.00108	0.00017173	-0.000001082	-0.0021877	-1.6457E-06	-2.8709E-06
11850	0.00097308	-0.00012648	2.7512E-06	0.0020795	-3.5629E-06	-5.8671E-06
11850	-0.00096011	0.00012437	-1.5024E-06	-0.0020509	-1.9304E-06	-3.2417E-06
11851	0.00086005	-0.000085488	4.0642E-06	0.0019365	-3.3436E-06	-5.3078E-06
11851	-0.00084769	0.000083469	-1.7217E-06	-0.001907	-0.00000237	-3.8319E-06
11852	0.00075824	-0.000054721	5.1855E-06	0.0017835	-2.9107E-06	-4.4848E-06
11852	-0.00074634	0.000052895	-2.2549E-06	-0.0017534	-2.9581E-06	-4.6332E-06
11853	0.00066749	-0.000034582	6.2589E-06	0.0016207	-2.3226E-06	-3.5033E-06
11853	-0.00065601	0.00003286	-0.00000277	-0.0015902	-3.6442E-06	-5.5791E-06
11854	0.00058564	-0.000023024	7.3917E-06	0.0014508	-1.6205E-06	-2.4129E-06
11854	-0.00057449	0.0000213	-3.3538E-06	-0.0014201	-4.3938E-06	-6.6294E-06
11855	0.00050954	-0.000016807	8.3183E-06	0.001277	-8.2521E-07	-1.2199E-06
11855	-0.0004987	0.000015057	-3.8948E-06	-0.0012464	-5.1809E-06	-7.7502E-06
11856	0.00043614	-0.000013196	9.3201E-06	0.0011013	4.7336E-08	7.077E-08
11856	-0.00042568	0.000011292	-4.2372E-06	-0.001071	-5.9696E-06	-8.8824E-06
11857	0.0003637	-0.000010446	0.00001025	0.00092502	9.8598E-07	1.4504E-06
11857	-0.00035367	8.3838E-06	-4.5175E-06	-0.0008951	-6.7216E-06	-9.9568E-06
11858	0.00029171	-8.0772E-06	0.000011133	0.00074851	1.9849E-06	2.9103E-06
11858	-0.00028221	5.8443E-06	-4.6924E-06	-0.0007192	-0.000007401	-0.000010914
11859	0.00022042	-6.2592E-06	0.00001195	0.00057181	3.0348E-06	4.4379E-06
11859	-0.00021145	3.8404E-06	-4.7565E-06	-0.00054307	-7.9726E-06	-0.000011708
11860	0.00015016	-5.2815E-06	0.00001264	0.00039467	0.000004116	6.0154E-06
11860	-0.00014168	0.000002674	-4.7574E-06	-0.00036653	-8.3966E-06	-0.000012305
11861	0.000080661	-4.9226E-06	0.000013178	0.00021715	5.1983E-06	7.6177E-06
11861	-0.000072695	2.0835E-06	-4.5979E-06	-0.00018977	-8.6229E-06	-0.000012656
11862	0.000010956	-4.5339E-06	0.000013771	0.000039284	6.2945E-06	9.2656E-06
11862	-0.000003517	1.4202E-06	-4.4192E-06	-0.000012727	-8.6398E-06	-0.000012727
11863	-0.000059032	-3.8965E-06	0.000014191	-0.0001388	7.4316E-06	0.000010967
11863	0.000065954	5.3983E-07	-4.0849E-06	0.00016464	-8.4485E-06	-0.000012477
11864	-0.0001278	-4.0787E-06	0.000014466	-0.00031677	8.6023E-06	0.000012655
11864	0.00013425	5.9072E-07	-3.7415E-06	0.00034212	-8.0282E-06	-0.00001183
11865	-0.0001935	-6.8227E-06	0.00001434	-0.00049612	9.7798E-06	0.000014234
11865	0.00019957	3.4193E-06	-3.3972E-06	0.00052119	-7.3748E-06	-0.00001078
11866	-0.00025461	-0.000013665	0.000013826	-0.00067787	0.000010914	0.00001562
11866	0.00026058	0.000010672	-3.4434E-06	0.00070299	-6.5325E-06	-9.4342E-06
11867	-0.00031084	-0.000024785	0.000012958	-0.00086146	0.000011876	0.000016675
11867	0.00031695	0.00002244	-3.7594E-06	0.00088685	-5.5497E-06	-7.9277E-06
11868	-0.00036393	-0.000038154	0.000011413	-0.0010452	0.000012506	0.000017283
11868	0.00037048	0.000036747	-4.4028E-06	0.0010707	-4.5046E-06	-6.4225E-06
11869	-0.00041781	-0.000050138	9.5839E-06	-0.0012268	0.000012662	0.000017373
11869	0.00042509	0.000049732	-5.2394E-06	0.0012524	-3.4979E-06	-5.0711E-06
11870	-0.00047636	-0.000057423	7.6071E-06	-0.0014057	0.000012229	0.000016848
11870	0.00048455	0.000057942	-6.0689E-06	0.0014315	-2.5649E-06	-3.8946E-06
11871	-0.00054058	-0.000059303	5.6495E-06	-0.001582	0.000011224	0.000015683
11871	0.00054964	0.000060635	-6.9048E-06	0.0016074	-1.7257E-06	-2.8759E-06
11872	-0.00060935	-0.000056929	3.7811E-06	-0.0017562	9.7424E-06	0.000013914
11872	0.00061916	0.000058893	-7.4253E-06	0.0017811	-9.7421E-07	-0.000001975
11873	-0.0006818	-0.000051317	0.000002084	-0.0019289	7.8686E-06	0.000011591
11873	0.00069229	0.000053768	-7.7093E-06	0.0019536	-2.5108E-07	-1.0965E-06
11874	-0.00075839	-0.000042224	6.5022E-07	-0.0021003	5.6949E-06	8.8036E-06
11874	0.00076938	0.000044994	-7.7835E-06	0.0021245	5.0654E-07	-1.4542E-07
11875	-0.00083941	-0.000029411	-5.263E-07	-0.0022701	3.3256E-06	5.6641E-06
11875	0.00085062	0.000032309	-7.5679E-06	0.0022934	1.3522E-06	9.649E-07
11876	-0.00092268	-0.000014804	-0.000001547	-0.002439	8.4519E-07	2.2575E-06
11876	0.00093404	0.000017763	-7.2509E-06	0.0024616	2.3521E-06	0.000002341
11877	-0.0010032	-3.5028E-06	-2.2204E-06	-0.002611	-1.6682E-06	-0.000001304
11877	0.0010146	6.3656E-06	-6.6158E-06	0.0026332	3.5431E-06	4.0313E-06
11878	-0.0010753	-1.3879E-06	-0.000002627	-0.0027911	-4.1794E-06	-4.9105E-06
11878	0.0010866	4.2515E-06	-6.2769E-06	0.002813	4.9413E-06	6.0263E-06
11879	-0.0011347	-0.000011832	-3.1464E-06	-0.0029806	-6.6341E-06	-8.3921E-06
11879	0.0011459	0.000014799	-0.000005841	0.0030025	0.000006485	8.1851E-06
11880	-0.0011817	-0.00003463	-0.00000307	-0.0031778	-8.9925E-06	-0.000011627
11880	0.0011926	0.000037534	-5.2443E-06	0.0032		8.0884E-06	0.000010347
11881	-0.0012231	-0.000063044	-3.4861E-06	-0.0033792	-0.000011204	-0.000014561
11881	0.001234	0.000066309	-5.4118E-06	0.0034015	9.6416E-06	0.00001238
11882	-0.0012724	-0.000084054	-2.9608E-06	-0.0035746	-0.00001309	-0.000017092
11882	0.0012834	0.000087304	-5.4693E-06	0.0035979	0.000010937	0.000014111
11883	-0.0013441	-0.00008243	-2.6868E-06	-0.0037544	-0.00001442	-0.000019099
11883	0.0013553	0.000085656	-5.7554E-06	0.0037781	0.000011728	0.000015355
11884	-0.0014448	-0.000051887	-2.5978E-06	-0.0039144	-0.00001506	-0.000020493
11884	0.001456	0.000055017	-0.000006218	0.0039372	0.000011873	0.000015975
11885	-0.0015679	2.0757E-07	-1.6316E-06	-0.0040575	-0.00001497	-0.000021109
11885	0.0015795	2.4183E-06	-6.5799E-06	0.0040806	0.00001132	0.000015782
11886	-0.0016969	0.000057519	-9.6123E-07	-0.0041955	-0.000014246	-0.000020815
11886	0.0017089	-0.000055281	-7.0314E-06	0.004219	0.000010129	0.000014628
11887	-0.001818	0.00010704	-2.3784E-07	-0.004337	-0.000013034	-0.000019618
11887	0.0018302	-0.00010516	-7.4448E-06	0.0043604	8.4186E-06	0.000012517
11888	-0.0019281	0.00014638	2.6058E-07	-0.0044839	-0.000011372	-0.000017515
11888	0.0019408	-0.00014491	-7.3425E-06	0.0045082	6.2167E-06	9.4468E-06
11889	-0.0020276	0.00017702	1.4715E-07	-0.004634	-9.1453E-06	-0.00001433
11889	0.0020409	-0.00017613	-6.0588E-06	0.0046601	3.4107E-06	5.2501E-06
11890	-0.0019649	0.00018314	-7.0917E-07	-0.0044513	-6.4586E-06	-0.000010237
11890	0.0019243	-0.00017749	-4.3792E-06	0.0043558	2.9802E-07	4.2287E-07
11891	-0.0014164	0.00012694	1.5219E-06	-0.0032226	-3.6035E-06	-5.7111E-06
11891	0.0010022	-0.00009297	-5.2196E-07	0.0022701	-1.6858E-06	-2.6802E-06
11892	-0.00060254	0.000044151	1.4443E-06	-0.0014041	-1.7924E-06	-2.7824E-06
11892	-0.00015159	2.5898E-06	-2.0702E-06	-0.00038767	-1.8003E-06	-0.000002786
11893	-0.00022929	4.9089E-06	-7.3618E-08	-0.00057653	-1.1931E-06	-1.7816E-06
11893	-0.00040978	0.000011628	5.2577E-07	-0.0010194	-1.1956E-06	-1.7838E-06
11894	-0.00017407	-2.2846E-06	5.907E-07	-0.00045674	-7.6464E-07	-1.1037E-06
11894	-0.00016855	-1.3125E-06	3.0262E-07	-0.00043978	-7.9147E-07	-1.1414E-06
11895	-0.000020154	-7.4691E-08	-9.6173E-08	-0.000052586	-6.0059E-07	-8.4733E-07
11895	-0.000056229	-2.1947E-06	-3.3358E-07	-0.00015337	-4.8041E-07	-6.7937E-07
11896	0.000061119	3.1466E-06	-4.1429E-07	0.00016775	-6.1965E-07	-8.6993E-07
11896	9.5628E-06	6.8768E-07	-8.1977E-07	0.000025471	-3.5932E-07	-5.0442E-07
11897	-0.00038262	-0.00001329	2.9727E-07	-0.0010334	-8.7708E-07	-1.2394E-06
11897	0.00047468	0.000017664	-1.5709E-06	0.0012836	-4.8042E-07	-6.7903E-07
11898	-0.0011685	-0.000021591	-1.3079E-06	-0.0030971	-2.9169E-06	-4.2066E-06
11898	0.0012223	0.00002347	2.7959E-08	0.0032401	9.367E-07	0.000001366
11899	-0.0015112	-9.4716E-06	-4.4558E-07	-0.0039415	-5.8571E-06	-8.5676E-06
11899	0.0015442	9.9047E-06	-2.5919E-07	0.0040271	3.5462E-06	5.2152E-06
11900	-0.0014642	-0.000020021	9.1406E-06	-0.0038368	-7.0595E-06	-0.000010331
11900	0.0014959	0.000020184	-8.4808E-06	0.0039208	4.5852E-06	6.7606E-06
11901	-0.0013855	-0.000066085	0.000019498	-0.003766	-6.3911E-06	-9.2104E-06
11901	0.0014153	0.00006679	-0.000017559	0.0038491	3.6221E-06	5.3153E-06
11902	-0.0012838	-0.000133	0.000028398	-0.0037033	-4.4476E-06	-6.3062E-06
11902	0.0013116	0.00013493	-0.000025708	0.0037865	1.3057E-06	2.0521E-06
11903	-0.0011873	-0.00018826	0.000031814	-0.0036227	-2.0892E-06	-2.9986E-06
11903	0.0012147	0.00019282	-0.000033279	0.0037057	-1.4345E-06	-1.6192E-06
11904	-0.001122	-0.00020635	0.000031551	-0.0035103	4.4769E-08	-1.4782E-07
11904	0.0011503	0.00021296	-0.000037639	0.0035937	-3.8795E-06	-4.8116E-06
11905	-0.0010893	-0.00018803	0.000028386	-0.0033736	1.6045E-06	1.9073E-06
11905	0.0011194	0.00019586	-0.000039054	0.003457	-5.5483E-06	-7.0416E-06
11906	-0.0010686	-0.000157	0.000024698	-0.0032287	0.000002338	2.9469E-06
11906	0.0010996	0.0001647	-0.000036895	0.0033113	-6.1397E-06	-7.9688E-06
11907	-0.0010313	-0.00014218	0.000020801	-0.0030921	2.4201E-06	0.000003113
11907	0.0010622	0.00014947	-0.000032376	0.0031741	-5.9696E-06	-7.8259E-06
11908	-0.00096573	-0.00015496	0.000017306	-0.0029683	2.0511E-06	2.6264E-06
11908	0.00099492	0.00016202	-0.000026616	0.0030493	-5.3614E-06	-6.9621E-06
11909	-0.00088027	-0.00018524	0.000012754	-0.0028483	0.00000138	1.7289E-06
11909	0.00090727	0.00019309	-0.000021672	0.0029268	-4.4791E-06	-5.6759E-06
11910	-0.00079481	-0.00021348	8.5516E-06	-0.0027194	5.8687E-07	7.166E-07
11910	0.00081983	0.00022214	-0.000017032	0.002796	-3.4612E-06	-4.2712E-06
11911	-0.00072325	-0.00022658	4.9892E-06	-0.0025777	-6.8723E-08	-8.1181E-08
11911	0.00074711	0.00023588	-0.000013376	0.0026534	-2.5764E-06	-3.1227E-06
11912	-0.00066322	-0.00022801	2.5232E-06	-0.0024284	-4.2492E-07	-4.9904E-07
11912	0.00068591	0.00023749	-0.00001055	0.0025021	-2.1478E-06	-2.5751E-06
11913	-0.00060317	-0.00022923	1.1701E-06	-0.0022757	-3.8259E-07	-4.5665E-07
11913	0.00062415	0.00023851	-7.7949E-06	0.0023469	-2.3515E-06	-0.000002761
11914	-0.00041333	-0.00018039	3.9711E-07	-0.001629	-0.000002325	-2.6684E-06
11914	0.0004758	0.00021171	-3.9509E-06	0.0018809	-4.0748E-07	-4.7299E-07
11915	-0.00011414	-0.000055136	-5.7444E-07	-0.00046686	-2.9368E-06	-3.2191E-06
11915	0.00021744	0.00011802	-1.0529E-06	0.00092286	7.0651E-07	7.6043E-07
11916	0.000019368	0.00001566	4.2398E-08	0.000097096	-9.9742E-07	-1.0333E-06
11916	0.000024177	0.000013064	1.7117E-08	0.00010298	-6.4793E-07	-6.6836E-07
11917	-0.000012075	-0.000019752	3.4967E-07	-0.000087393	-6.2719E-07	-6.0946E-07
11917	-0.000049746	-0.000065795	5.3463E-07	-0.00031896	-6.4032E-07	-6.2069E-07
11918	-0.000055934	-0.000098417	9.0002E-07	-0.00042422	-5.798E-07	-5.3069E-07
11918	-0.000063721	-0.00010443	6.249E-07	-0.00046327	-4.5585E-07	-4.1896E-07
11919	-0.00011621	-0.00026424	9.7874E-07	-0.0010427	-4.3298E-07	-3.8088E-07
11919	0.000020743	0.000065315	8.6176E-07	0.00023632	-3.9745E-07	-3.478E-07
11920	-0.00017082	-0.00046795	-1.3776E-06	-0.0017486	-3.7028E-07	-3.1347E-07
11920	0.0001414	0.00039655	1.5833E-06	0.0014726	-2.3085E-07	-1.9662E-07
11921	-0.00016943	-0.00057174	-4.2391E-06	-0.002023	-4.6683E-07	-3.8421E-07
11921	0.0001717	0.00057777	2.1611E-06	0.002042	9.1784E-08	7.4781E-08
11922	-0.00013396	-0.00061684	-4.4562E-06	-0.002033	-4.2552E-07	-3.3598E-07
11922	0.00013595	0.00062289	1.8203E-06	0.0020501	3.8396E-07	2.9943E-07
11923	-0.000086082	-0.00067492	-0.000004443	-0.002034	-1.5805E-07	-1.2455E-07
11923	0.000087824	0.00068135	1.1936E-06	0.0020502	6.4889E-07	4.8673E-07
11924	-0.00002334	-0.00074751	-4.3086E-06	-0.0020181	2.7214E-07	1.7443E-07
11924	0.000024679	0.00075439	7.2918E-07	0.0020335	9.3511E-07	6.6513E-07
11925	0.000053382	-0.00083347	-3.9279E-06	-0.0019788	8.4002E-07	5.2879E-07
11925	-0.000052596	0.00084091	2.4669E-07	0.0019936	1.2146E-06	7.8986E-07
11926	0.00014075	-0.00092924	-3.4948E-06	-0.0019113	1.5011E-06	8.6347E-07
11926	-0.00014059	0.00093733	-2.4281E-07	0.0019254	1.4772E-06	8.6908E-07
11927	0.00023499	-0.0010308	-3.0982E-06	-0.001811	0.00000219	1.1244E-06
11927	-0.00023551	0.0010395	-6.0359E-07	0.0018241	1.7304E-06	9.0527E-07
11928	0.00033214	-0.0011341	-2.6285E-06	-0.0016735	2.8754E-06	1.2969E-06
11928	-0.00033336	0.0011433	-9.383E-07	0.0016855	1.9315E-06	8.7065E-07
11929	0.00042764	-0.0012341	-2.3018E-06	-0.0014968	0.000003492	1.3312E-06
11929	-0.00042948	0.0012439	-0.000001209	0.0015072	0.000002079	7.985E-07
11930	0.00051648	-0.001326	-0.000001979	-0.0012804	3.9933E-06	1.2453E-06
11930	-0.00051895	0.001336	-0.000001275	0.0012891	2.1558E-06	6.7572E-07
11931	0.00059316	-0.0014038	-1.7479E-06	-0.0010282	4.3509E-06	1.0482E-06
11931	-0.00059614	0.0014144	-1.5236E-06	0.0010352	2.1253E-06	5.1984E-07
11932	0.00065268	-0.0014627	-1.4714E-06	-0.00074758	4.4628E-06	7.6145E-07
11932	-0.00065615	0.0014736	-1.6024E-06	0.00075269	2.0464E-06	3.5813E-07
11933	0.00069168	-0.001499	-1.4303E-06	-0.00044731	4.3489E-06	4.5114E-07
11933	-0.00069548	0.0015102	-1.5521E-06	0.00045038	1.8929E-06	1.8722E-07
11934	0.00070774	-0.0015103	-1.2418E-06	-0.00013811	4.0968E-06	1.5101E-07
11934	-0.00071171	0.0015217	-1.7255E-06	0.00013906	0.000001579	3.7489E-08
11935	0.0007006	-0.0014962	-1.4042E-06	0.0001703	3.6607E-06	-2.2062E-07
11935	-0.00070461	0.0015077	-1.5275E-06	-0.00017151	0.000001213	4.6345E-08
11936	0.0006708	-0.0014577	-1.1993E-06	0.00046709	0.000002816	-3.2367E-07
11936	-0.00067492	0.0014692	-1.2772E-06	-0.00047055	1.0938E-06	-8.3898E-08
11937	0.00062098	-0.0013973	-7.0264E-07	0.00073925	2.1336E-06	-2.555E-07
11937	-0.00062517	0.0014087	-1.2101E-06	-0.00074499	6.4132E-07	-2.1759E-07
11938	0.00055531	-0.001319	-5.3869E-07	0.0009788	1.2599E-06	-2.4297E-07
11938	-0.00055941	0.00133		-6.2385E-07	-0.00098672	2.8217E-07	-1.1559E-07
11939	0.00047778	-0.0012271	-1.0319E-07	0.0011816	2.635E-07	-4.0486E-08
11939	-0.00048168	0.0012375	-2.4844E-07	-0.0011916	4.5973E-08	-3.6174E-08
11940	0.00039357	-0.0011268	2.4496E-07	0.0013447	-6.6046E-07	2.8218E-07
11940	-0.00039717	0.0011366	2.1482E-07	-0.0013565	-2.0286E-07	6.353E-08
11941	0.00030805	-0.0010241	8.5819E-07	0.0014668	-1.5717E-06	7.2677E-07
11941	-0.00031141	0.0010329	8.5337E-07	-0.0014802	-3.3876E-07	1.3523E-07
11942	0.00022742	-0.00092491	1.4689E-06	0.0015479	-2.3726E-06	1.2158E-06
11942	-0.00023043	0.00093266	1.2844E-06	-0.0015623	-4.3346E-07	2.0679E-07
11943	0.00015649	-0.00083428	2.1309E-06	0.0015913	-3.0831E-06	1.7309E-06
11943	-0.00015928	0.00084097	1.9154E-06	-0.0016066	-4.4679E-07	2.3928E-07
11944	0.000096712	-0.00075399	2.9911E-06	0.001605	-3.6411E-06	2.2097E-06
11944	-0.000099504	0.0007596	2.7303E-06	-0.0016209	-4.3879E-07	2.5245E-07
11945	0.000046116	-0.00068212	3.6619E-06	0.0015985	-4.0975E-06	2.6606E-06
11945	-0.000048809	0.00068672	3.2818E-06	-0.0016145	-3.691E-07	2.1771E-07
11946	-6.1813E-07	-0.00061365	4.5844E-06	0.0015799	-4.4207E-06	3.0448E-06
11946	-2.1293E-06	0.00061722	4.0012E-06	-0.0015962	-2.6376E-07	1.6626E-07
11947	-0.000048075	-0.00054382	5.4388E-06	0.0015538	-0.00000461	3.3468E-06
11947	0.000045348	0.00054635	4.6297E-06	-0.0015702	-1.2014E-07	1.1337E-07
11948	-0.000096444	-0.00047239	6.1963E-06	0.0015198	-4.6878E-06	3.6397E-06
11948	0.000093794	0.00047369	5.1874E-06	-0.0015357	7.1327E-08	-2.2943E-08
11949	-0.00014113	-0.00040393	6.9354E-06	0.0014753	-4.5815E-06	3.8172E-06
11949	0.00013854	0.00040411	5.7777E-06	-0.0014909	2.0243E-07	-1.4784E-07
11950	-0.00017423	-0.00034657	7.7089E-06	0.0014198	-4.4122E-06	0.000003883
11950	0.00017164	0.00034585	6.2887E-06	-0.0014353	3.6006E-07	-2.925E-07
11951	-0.00019084	-0.00030527	0.000008317	0.0013561	-4.2039E-06	3.8331E-06
11951	0.00018817	0.00030387	6.5995E-06	-0.0013712	5.3707E-07	-4.6189E-07
11952	-0.00019462	-0.0002764	8.9419E-06	0.0012878	-0.000003946	3.6737E-06
11952	0.00019172	0.00027443	7.0272E-06	-0.0013025	7.0465E-07	-6.3072E-07
11953	-0.00019564	-0.00025006	9.4852E-06	0.0012179	-3.5791E-06	0.000003379
11953	0.0001925	0.00024756	7.4481E-06	-0.0012323	8.2737E-07	-7.4614E-07
11954	-0.00020191	-0.00021851	0.000010037	0.0011478	-3.1684E-06	3.0695E-06
11954	0.00019851	0.00021532	7.8069E-06	-0.0011612	9.569E-07	-8.8926E-07
11955	-0.00021339	-0.00018147	0.000010543	0.0010755	-0.00000273	2.7635E-06
11955	0.00020982	0.00017754	8.0318E-06	-0.0010876	1.0786E-06	-0.000001064
11956	-0.00022276	-0.00014609	0.00001095	0.0010003	-0.000002256	2.3859E-06
11956	0.00021909	0.00014156	8.1762E-06	-0.0010114	1.1659E-06	-1.2099E-06
11957	-0.00022247	-0.00011997	0.000011213	0.00092405	-1.8207E-06	1.9845E-06
11957	0.00021868	0.00011505	8.2198E-06	-0.00093426	1.2659E-06	-1.3631E-06
11958	-0.00021249	-0.00010312	0.000011322	0.00084813	-1.3782E-06	1.5181E-06
11958	0.00020858	0.000097993	8.1828E-06	-0.00085758	1.3285E-06	-1.4577E-06
11959	-0.00019975	-0.000088899	0.000011497	0.00077214	-9.9881E-07	1.1065E-06
11959	0.00019571	0.000083579	8.2104E-06	-0.00078103	1.4257E-06	-1.5963E-06
11960	-0.00019034	-0.000071289	0.000011551	0.00069482	-6.0526E-07	6.7394E-07
11960	0.00018625	0.000065802	8.0908E-06	-0.00070297	0.000001472	-1.7021E-06
11961	-0.00018297	-0.000051448	0.000011622	0.00061542	-2.3985E-07	2.5262E-07
11961	0.00017885	0.000045782	7.8539E-06	-0.00062266	1.4957E-06	-0.000001807
11962	-0.00017125	-0.000035638	0.00001154	0.00053634	5.5331E-08	-1.1056E-07
11962	0.00016718	0.000029941	0.000007478	-0.00054278	1.5401E-06	-1.9373E-06
11963	-0.00015106	-0.000027953	0.000011279	0.00046027	3.5206E-07	-4.9108E-07
11963	0.00014716	0.00002243	6.9977E-06	-0.00046632	1.5533E-06	-1.9842E-06
11964	-0.00012502	-0.000025912	0.000011162	0.00038624	6.0537E-07	-8.0552E-07
11964	0.00012125	0.00002057	0.000006668	-0.00039238	1.5953E-06	-2.0204E-06
11965	-0.000099588	-0.000023317	0.00001099	0.00031217	8.1178E-07	-1.0552E-06
11965	0.000095996	0.000018191	0.000006289	-0.00031845	1.6556E-06	-0.000002081
11966	-0.000078063	-0.00001714	0.000011028	0.00023672	9.7989E-07	-1.2844E-06
11966	0.000074636	0.000012062	5.9694E-06	-0.00024306	1.6984E-06	-2.1755E-06
11967	-0.000057528	-9.6761E-06	0.000010966	0.00015986	1.1009E-06	-1.5009E-06
11967	0.000054423	4.6466E-06	5.4665E-06	-0.00016615	1.7205E-06	-2.3119E-06
11968	-0.000034006	-4.7158E-06	0.000010655	0.000083481	1.1879E-06	-0.0000017
11968	0.000031316	-1.7772E-07	4.8544E-06	-0.000089563	1.7223E-06	-2.4479E-06
11969	-6.5632E-06	-0.000003409	0.000010216	9.0128E-06	1.2716E-06	-1.8799E-06
11969	4.3888E-06	-1.1803E-06	4.0111E-06	-0.000015016	1.7007E-06	-2.5146E-06
11970	0.000022876	-3.9785E-06	9.7655E-06	-0.000064344	1.3633E-06	-2.0348E-06
11970	-0.000024482	-2.0654E-07	3.0741E-06	0.000058152	1.6534E-06	-2.4845E-06
11971	0.00005244	-4.6142E-06	0.000009361	-0.00013789	1.4592E-06	-2.1675E-06
11971	-0.000053486	8.4217E-07	2.1893E-06	0.00013131	1.5766E-06	-2.3728E-06
11972	0.000081851	-5.1288E-06	9.0501E-06	-0.00021164	1.5465E-06	-2.2834E-06
11972	-0.0000824	1.7064E-06	1.4241E-06	0.00020465	1.4774E-06	-2.2243E-06
11973	0.0001119	-6.3048E-06	8.8061E-06	-0.00028491	0.000001602	-2.3667E-06
11973	-0.000112	3.1619E-06	7.477E-07	0.00027757	1.3872E-06	-2.1035E-06
11974	0.00014337	-8.8968E-06	8.6176E-06	-0.00035709	1.6185E-06	-2.4093E-06
11974	-0.00014304	5.9781E-06	1.0804E-07	0.00034945	1.3317E-06	-2.0488E-06
11975	0.00017688	-0.000013528	8.4483E-06	-0.00042747	0.000001603	-2.4205E-06
11975	-0.00017611	0.000010806	-5.4825E-07	0.00041961	0.000001316	-2.0677E-06
11976	0.00021298	-0.000020685	8.2636E-06	-0.00049556	1.5603E-06	-2.4042E-06
11976	-0.00021174	0.000018163	-1.2758E-06	0.00048757	1.3376E-06	-2.1585E-06
11977	0.00025199	-0.000030615	8.0288E-06	-0.00056093	1.5017E-06	-2.3731E-06
11977	-0.00025028	0.000028312	-2.0612E-06	0.00055294	1.3774E-06	-0.000002294
11978	0.00029323	-0.000042586	7.6515E-06	-0.00062397	1.4529E-06	-2.3585E-06
11978	-0.00029097	0.000040599	-3.0182E-06	0.00061607	1.3982E-06	-2.4074E-06
11979	0.00033476	-0.00005476	7.2628E-06	-0.00068654	1.4344E-06	-2.3811E-06
11979	-0.00033188	0.000053142	-4.0929E-06	0.0006786	1.3702E-06	-2.4297E-06
11980	0.00037466	-0.000065159	6.7776E-06	-0.00075099	1.4554E-06	-2.4491E-06
11980	-0.00037118	0.000063991	-5.1992E-06	0.00074306	1.2765E-06	-2.3136E-06
11981	0.00041214	-0.000073045	6.3074E-06	-0.00081857	1.5121E-06	-2.5569E-06
11981	-0.00040818	0.000072356	-6.2847E-06	0.00081072	1.1182E-06	-2.0585E-06
11982	0.00044773	-0.000079168	5.9952E-06	-0.00088821	0.000001599	-2.7039E-06
11982	-0.00044348	0.000078861	-7.1257E-06	0.00088052	9.0973E-07	-0.000001701
11983	0.00048348	-0.000085582	5.7876E-06	-0.00095736	1.6791E-06	-2.8417E-06
11983	-0.00047917	0.00008563	-7.9025E-06	0.00095018	7.0578E-07	-0.00000135
11984	0.00052168	-0.000094368	5.6306E-06	-0.0010239	1.7187E-06	-2.9241E-06
11984	-0.0005173	0.000094675	-8.4992E-06	0.0010172	5.633E-07	-1.1113E-06
11985	0.00056352	-0.00010668	5.5473E-06	-0.0010866	1.7009E-06	-2.9253E-06
11985	-0.00055883	0.00010713	-9.0268E-06	0.0010798	5.1984E-07	-0.000001053
11986	0.00060954	-0.00012313	5.4293E-06	-0.001144	0.000001626	-0.000002843
11986	-0.00060447	0.00012371	-9.5861E-06	0.001137	5.833E-07	-1.1954E-06
11987	0.00065947	-0.00014343	5.2581E-06	-0.0011958	1.5104E-06	-2.6966E-06
11987	-0.00065411	0.00014422	-0.00001024	0.0011889	7.3062E-07	-1.5084E-06
11988	0.00071236	-0.00016666	0.00000505	-0.0012427	1.3771E-06	-2.5149E-06
11988	-0.00070682	0.0001677	-0.000010943	0.0012364	9.2113E-07	-1.9271E-06
11989	0.00076675	-0.00019126	4.7078E-06	-0.0012867	1.2556E-06	-2.3444E-06
11989	-0.00076098	0.00019268	-0.00001184	0.0012809	1.1011E-06	-2.3504E-06
11990	0.00082086	-0.00021554	4.3394E-06	-0.0013302	1.1721E-06	-2.2321E-06
11990	-0.00081484	0.0002174	-0.000012835	0.0013248	1.2202E-06	-2.6668E-06
11991	0.0008733	-0.00023803	3.8563E-06	-0.0013757	1.1415E-06	-2.2107E-06
11991	-0.00086696	0.00024041	-0.000013937	0.0013708	1.2439E-06	-2.7851E-06
11992	0.00092298	-0.00025763	0.000003342	-0.0014257	1.1668E-06	-2.2912E-06
11992	-0.00091629	0.00026055	-0.000015026	0.0014211	1.1583E-06	-2.6562E-06
11993	0.00096963	-0.00027418	2.8994E-06	-0.0014807	0.000001239	-2.4592E-06
11993	-0.00096263	0.00027756	-0.000015952	0.0014764	9.7397E-07	-2.2941E-06
11994	0.0010148	-0.00028922	2.4672E-06	-0.0015381	0.000001333	-2.6704E-06
11994	-0.0010076	0.00029305	-0.000016779	0.0015341	7.2752E-07	-1.7826E-06
11995	0.0010615	-0.00030581	2.1729E-06	-0.0015933	1.4134E-06	-2.8621E-06
11995	-0.001054	0.0003099	-0.000017336	0.0015893	4.7041E-07	-1.2415E-06
11996	0.0011125	-0.00032652	1.9028E-06	-0.0016415	1.4487E-06	-2.9778E-06
11996	-0.0011047	0.00033077	-0.000017704	0.0016375	2.467E-07	-7.6683E-07
11997	0.0011671	-0.00035089	1.5833E-06	-0.0016828	1.4117E-06	-2.9518E-06
11997	-0.0011592	0.00035536	-0.000018034	0.001679	8.6992E-08	-4.2194E-07
11998	0.0012209	-0.00037432	1.2256E-06	-0.0017253	1.3091E-06	-2.7688E-06
11998	-0.0012128	0.00037901	-0.000018331	0.0017217	-1.5372E-08	-1.9376E-07
11999	0.0012705	-0.00039353	9.4415E-07	-0.0017759	1.1397E-06	-2.4047E-06
11999	-0.0012619	0.00039823	-0.000018519	0.0017717	-4.5547E-08	-1.255E-07
12000	0.0013221	-0.00041487	1.0152E-06	-0.0018224	8.8359E-07	-1.8329E-06
12000	-0.0013131	0.00041933	-0.000018345	0.0018177	4.9167E-08	-3.4899E-07
12001	0.0013864	-0.00044896	9.1111E-07	-0.0018431	5.554E-07	-1.0942E-06
12001	-0.0013774	0.00045336	-0.000018199	0.0018384	2.7863E-07	-9.1766E-07
12002	0.0014666	-0.00049909	1.0555E-06	-0.0018279	1.8516E-07	-2.0183E-07
12002	-0.0014576	0.00050339	-0.000018264	0.0018235	5.8886E-07	-0.000001772
12003	0.0015511	-0.00055326	6.8482E-07	-0.0017979	-1.7147E-07	7.6768E-07
12003	-0.0015415	0.00055779	-0.00001894	0.0017936	8.4645E-07	-0.000002599
12004	0.0016224	-0.00059395	9.5861E-08	-0.0017953	-4.9068E-07	1.7214E-06
12004	-0.0016122	0.00059891	-0.000019999	0.001791	9.4667E-07	-3.0128E-06
12005	0.0016763	-0.00061697	-5.1208E-07	-0.0018345	-7.818E-07	2.5989E-06
12005	-0.0016652	0.00062231	-0.000020956	0.0018299	8.6791E-07	-2.8557E-06
12006	0.0017255	-0.00063576	-7.4173E-07	-0.001884	-0.000001039	3.3794E-06
12006	-0.0017137	0.00064116	-0.000021548	0.001879	6.4964E-07	-2.2764E-06
12007	0.0017857	-0.00066588	-4.7838E-07	-0.0019046	-0.000001236	0.00000407
12007	-0.0017738	0.00067113	-0.000021563	0.0018995	3.5532E-07	-1.5012E-06
12008	0.0018586	-0.00070866	-4.8225E-07	-0.0018896	-0.000001363	4.6779E-06
12008	-0.0018471	0.0007142	-0.000021927	0.0018853	2.3917E-08	-5.9528E-07
12009	0.001931	-0.00075097	-5.0335E-07	-0.0018732	-1.4522E-06	5.2044E-06
12009	-0.0019196	0.00075671	-0.000022384	0.0018693	-3.6651E-07	5.7404E-07
12010	0.0019922	-0.00078162	-6.9304E-07	-0.0018889	-1.5549E-06	5.6837E-06
12010	-0.00198	0.00078727	-0.000022721	0.0018845	-8.4701E-07	2.0976E-06
12011	0.002046	-0.00080498	-6.7427E-07	-0.0019256	-1.6645E-06	6.1139E-06
12011	-0.0020335	0.00081048	-0.000022655	0.0019209	-1.4077E-06	3.9088E-06
12012	0.0021028	-0.00083171	-4.428E-07	-0.0019515	-1.7533E-06	6.5137E-06
12012	-0.0020909	0.00083715	-0.000022289	0.0019472	-1.9674E-06	5.7927E-06
12013	0.002169	-0.00086773	-4.3595E-08	-0.001949	-0.000001801	6.8897E-06
12013	-0.0021575	0.00087279	-0.000021547	0.0019449	-2.4467E-06	7.5927E-06
12014	0.0022424	-0.00091088	4.1687E-07	-0.0019222	-0.000001813	7.2465E-06
12014	-0.002231	0.00091539	-0.000020722	0.0019181	-0.00000282	9.2563E-06
12015	0.0023164	-0.00095475	6.5365E-07	-0.0018882	-1.8118E-06	7.5831E-06
12015	-0.0023056	0.00095908	-0.000020039	0.0018845	-3.1124E-06	0.000010797
12016	0.0023888	-0.00099714	9.6603E-07	-0.0018551	-1.8052E-06	7.8909E-06
12016	-0.0023791	0.0010014	-0.000019276	0.0018521	-0.000003347	0.000012234
12017	0.0024627	-0.0010408	1.3185E-06	-0.0018139	-1.7759E-06	8.1462E-06
12017	-0.0024536	0.0010447	-0.000018443	0.0018112	-3.5139E-06	0.000013576
12018	0.0025397	-0.0010875	1.5968E-06	-0.001755	-1.7144E-06	8.3427E-06
12018	-0.0025312	0.0010912	-0.000017542	0.0017527	-3.5929E-06	0.000014811
12019	0.0026175	-0.0011352	1.6894E-06	-0.0016846	-1.6319E-06	8.4836E-06
12019	-0.0026103	0.0011389	-0.000016796	0.001683	-3.6004E-06	0.000015948
12020	0.0026925	-0.0011799	1.7339E-06	-0.0016194	-0.000001552	8.5765E-06
12020	-0.0026864	0.0011838	-0.000016023	0.0016185	-3.5812E-06	0.000016999
12021	0.0027635	-0.0012208	1.7562E-06	-0.0015668	-1.4865E-06	0.000008638
12021	-0.0027584	0.0012247	-0.000015175	0.0015663	-3.5533E-06	0.000017944
12022	0.0028335	-0.0012607	0.000001719	-0.0015127	-1.4224E-06	8.6805E-06
12022	-0.0028295	0.0012646	-0.000014221	0.0015127	-0.00000348	0.000018727
12023	0.0029051	-0.0013023	1.6033E-06	-0.001441	-1.3477E-06	8.7348E-06
12023	-0.0029028	0.0013066	-0.000013155	0.0014417	-3.3186E-06	0.000019283
12024	0.0029771	-0.0013444	1.2946E-06	-0.0013575	-1.2766E-06	8.8574E-06
12024	-0.0029764	0.0013491	-0.000012109	0.0013587	-3.0845E-06	0.000019567
12025	0.0030465	-0.0013839	9.0646E-07	-0.0012818	-0.000001235	9.1134E-06
12025	-0.003047	0.0013888	-0.000010937	0.0012833	-2.8325E-06	0.000019571
12026	0.0031116	-0.0014194	4.3747E-07	-0.0012243	-1.2381E-06	9.5714E-06
12026	-0.0031137	0.0014247	-9.7154E-06	0.0012263	-0.000002591	0.000019269
12027	0.0031742	-0.0014526	-1.9233E-07	-0.0011757	-1.2733E-06	0.000010256
12027	-0.0031782	0.0014585	-8.5193E-06	0.0011782	-2.3427E-06	0.000018648
12028	0.0032375	-0.0014869	-6.451E-07	-0.0011124	-1.3072E-06	0.000011171
12028	-0.003243	0.001493	-7.1255E-06	0.0011151	-2.0485E-06	0.00001771
12029	0.0033026	-0.0015231	-1.1506E-06	-0.0010202	-0.000001311	0.000012315
12029	-0.0033095	0.0015295	-5.7674E-06	0.001023	-1.7031E-06	0.000016498
12030	0.0033671	-0.0015595	-1.7054E-06	-0.00090776	-1.2768E-06	0.000013634
12030	-0.0033759	0.0015665	-4.5962E-06	0.00091066	-1.3539E-06	0.000015146
12031	0.0034289	-0.0015938	-0.000002024	-0.00079358	-1.2091E-06	0.000014986
12031	-0.0034396	0.0016013	-3.4147E-06	0.00079645	-1.0587E-06	0.000013892
12032	0.0034875	-0.0016257	-0.000002145	-0.00068567	-1.1064E-06	0.00001616
12032	-0.0034999	0.0016336	-2.3606E-06	0.00068839	-8.4158E-07	0.000013025
12033	0.0035432	-0.0016556	-2.0856E-06	-0.00057683	-9.5346E-07	0.000016901
12033	-0.0035576	0.001664	-1.4387E-06	0.00057934	-6.9044E-07	0.000012838
12034	0.0032563	-0.0015245	-1.6904E-06	-0.00042234	-7.3197E-07	0.00001657
12034	-0.0033714	0.0015795	-5.763E-07	0.00043539	-5.6026E-07	0.000013083
12035	0.0016162	-0.00075772	-2.7412E-07	-0.0001741	-4.2783E-07	0.000012482
12035	-0.0024779	0.0011626	-7.4961E-07	0.00024856	-3.6884E-07	0.00001097
12036	-0.00051231	0.00024024	5.9745E-07	0.000036884	-1.7892E-07	6.5575E-06
12036	-0.0013019	0.00061139	-6.7556E-07	0.00010461	-1.8112E-07	6.6452E-06
12037	-0.001204	0.00056496	6.3757E-07	0.000084421	-6.4365E-08	2.6105E-06
12037	-0.00092414	0.00043369	4.2969E-07	0.000063829	-6.8184E-08	2.7555E-06
12038	-0.0009681	0.00045431	7.1069E-07	0.000057221	8.9289E-09	-6.4533E-07
12038	-0.00098199	0.00046083	7.2876E-07	0.000057606	1.0387E-08	-7.1231E-07
12039	-0.00072036	0.00033777	1.3212E-06	0.000033512	6.6916E-08	-4.6242E-06
12039	-0.0007574	0.00035521	1.2123E-06	0.000035443	6.7241E-08	-4.6453E-06
12040	-0.00048532	0.00022722	1.6939E-06	0.000017552	1.231E-07	-0.000010719
12040	-0.00038932	0.00018231	1.2759E-06	0.000014566	1.2147E-07	-0.000010579
12041	-0.00014484	0.000068552	-1.0601E-06	4.7037E-06	1.9185E-07	-0.000020214
12041	-0.00011333	0.000052435	1.7362E-06	3.3957E-06	1.9324E-07	-0.000020388
12042	0.0002513	-0.00011322	-0.000010343	-0.000005554	2.1611E-07	-0.000026647
12042	-0.00010404	0.000046288	5.5286E-06	2.3051E-06	2.3982E-07	-0.000029746
12043	0.00041561	-0.00018847	-0.000014536	-0.000008713	1.8922E-07	-0.000025941
12043	-0.00016103	0.00007436	2.7816E-06	3.3961E-06	2.4366E-07	-0.000033922
12044	0.00040358	-0.00018174	-0.000016809	-8.3431E-06	1.6935E-07	-0.0000231
12044	-0.00014676	0.000069665	-1.4973E-06	0.000003083	2.5326E-07	-0.000035812
12045	0.00038489	-0.00017248	-0.000017836	-8.2493E-06	1.5987E-07	-0.000020489
12045	-0.00012716	0.000062221	-5.2485E-06	0.000002798	2.7481E-07	-0.000037586
12046	0.00036359	-0.00016234	-0.000018098	-8.3319E-06	1.5566E-07	-0.000018102
12046	-0.00010579	0.000053643	-8.3701E-06	2.5167E-06	3.0609E-07	-0.000039244
12047	0.00034019	-0.00015143	-0.000017923	-8.3921E-06	1.518E-07	-0.000015858
12047	-0.000082552	0.000044078	-0.000011252	2.1515E-06	3.4194E-07	-0.0000408
12048	0.00031541	-0.00013996	-0.000017552	-8.1024E-06	1.4237E-07	-0.000013699
12048	-0.000057883	0.000033777	-0.000014	1.6252E-06	3.6798E-07	-0.000042248
12049	0.00029001	-0.00012824	-0.000017101	-7.3948E-06	1.2647E-07	-0.000011568
12049	-0.000032461	0.00002308	-0.000016656	9.812E-07	3.7639E-07	-0.000043588
12050	0.00026465	-0.00011653	-0.000016664	-6.4025E-06	1.0653E-07	-9.4219E-06
12050	-6.9091E-06	0.000012274	-0.000019209	3.2731E-07	3.6705E-07	-0.000044821
12051	0.00023999	-0.00010511	-0.000016291	-5.1538E-06	8.4021E-08	-7.2387E-06
12051	0.00001812	1.6638E-06	-0.000021659	-2.3005E-07	3.337E-07	-0.000045943
12052	0.00021688	-0.000094397	-0.000016002	-0.000003579	6.0869E-08	-5.0203E-06
12052	0.000041728	-8.3193E-06	-0.000024024	-5.4213E-07	2.6076E-07	-0.000046945
12053	0.00019627	-0.000084798	-0.000015824	-1.9071E-06	4.2865E-08	-2.7832E-06
12053	0.000062949	-0.000017221	-0.000026304	-5.0956E-07	1.5496E-07	-0.000047818
12054	0.00017834	-0.000076408	-0.00001575	-7.0068E-07	3.473E-08	-5.476E-07
12054	0.000081572	-0.00002492	-0.000028545	-2.7961E-07	6.3136E-08	-0.00004856
12055	0.00016198	-0.000068714	-0.000015765	-3.1968E-07	3.2262E-08	0.000001674
12055	0.000098662	-0.000031942	-0.000030692	-2.0115E-07	3.5352E-08	-0.000049176
12056	0.00014541	-0.000060904	-0.000015808	-6.6875E-07	2.527E-08	3.8674E-06
12056	0.00011597	-0.000039117	-0.000032734	-5.6084E-07	8.8033E-08	-0.000049668
12057	0.0001271	-0.000052295	-0.000015821	-1.2402E-06	7.417E-09	6.0124E-06
12057	0.00013496	-0.000047152	-0.000034618	-1.3404E-06	1.876E-07	-0.000050034
12058	0.00010675	-0.000042753	-0.000015775	-1.4604E-06	-1.602E-08	0.000008102
12058	0.00015592	-0.000056194	-0.000036338	-2.1303E-06	2.6648E-07	-0.000050278
12059	0.000086226	-0.000033144	-0.000015696	-9.5341E-07	-2.0289E-08	0.000010114
12059	0.00017702	-0.000065365	-0.000037928	-1.8374E-06	2.212E-07	-0.000050396
12060	0.000069535	-0.000025302	-0.000015692	1.6226E-07	2.7408E-08	0.000012027
12060	0.00019433	-0.000072731	-0.000039564	6.845E-07	-2.2527E-08	-0.000050395
12061	0.000060385	-0.000020883	-0.00001594	1.3456E-06	1.2465E-07	0.000013839
12061	0.00020419	-0.000076498	-0.000041386	4.7109E-06	-3.7852E-07	-0.000050296
12062	0.000059394	-0.000020166	-0.000016463	2.3143E-06	2.3091E-07	0.000015557
12062	0.00020601	-0.00007636	-0.000043452	8.1073E-06	-6.7876E-07	-0.00005012
12063	0.00006371	-0.000021872	-0.000017141	2.9069E-06	2.9732E-07	0.00001718
12063	0.00020261	-0.000073711	-0.000045674	0.000009306	-8.0274E-07	-0.00004988
12064	0.000068769	-0.000023949	-0.000017781	2.9019E-06	3.0106E-07	0.000018724
12064	0.00019848	-0.00007075	-0.000047853	8.3766E-06	-7.3911E-07	-0.000049594
12065	0.000071245	-0.000024901	-0.000018239	2.4854E-06	2.6962E-07	0.000020198
12065	0.00019677	-0.000069048	-0.000049794	6.7868E-06	-6.0101E-07	-0.000049271
12066	0.000070638	-0.000024491	-0.000018512	2.0617E-06	2.4162E-07	0.000021588
12066	0.00019799	-0.000068804	-0.000051549	5.6752E-06	-4.9402E-07	-0.000048919
12067	0.000068099	-0.000023236	-0.000018644	1.8127E-06	2.3277E-07	0.000022883
12067	0.00020104	-0.000069474	-0.000053172	5.2547E-06	-4.4484E-07	-0.000048547
12068	0.000065106	-0.000021804	-0.000018698	1.7658E-06	2.4785E-07	0.000024077
12068	0.00020449	-0.00007036	-0.000054737	5.4659E-06	-4.5138E-07	-0.000048165
12069	0.000062637	-0.000020621	-0.000018747	1.7998E-06	2.7217E-07	0.00002517
12069	0.0002074	-0.000070992	-0.000056306	5.8805E-06	-4.7739E-07	-0.000047781
12070	0.000060333	-0.000019517	-0.000018791	1.6836E-06	2.7209E-07	0.000026172
12070	0.00021013	-0.000071547	-0.000057855	5.7715E-06	-4.5936E-07	-0.0000474
12071	0.000056833	-0.000017902	-0.000018732	1.3522E-06	2.355E-07	0.000027088
12071	0.00021397	-0.000072685	-0.000059282	4.9728E-06	-3.8129E-07	-0.000047029
12072	0.000051455	-0.000015489	-0.000018492	1.0233E-06	1.9754E-07	0.000027919
12072	0.00021956	-0.000074725	-0.000060539	4.2654E-06	-3.0765E-07	-0.000046678
12073	0.000045354	-0.00001278	-0.000018155	9.1983E-07	2.0498E-07	0.000028663
12073	0.0002258	-0.000077109	-0.000061702	4.5735E-06	-3.1337E-07	-0.000046356
12074	0.000040553	-0.00001065	-0.000017885	1.0034E-06	2.5784E-07	0.000029316
12074	0.00023076	-0.000078859	-0.000062928	5.8049E-06	-3.9189E-07	-0.000046069
12075	0.000037992	-0.000009505	-0.000017759	1.1111E-06	3.1276E-07	0.000029879
12075	0.00023356	-0.000079527	-0.000064291	6.9859E-06	-4.717E-07	-0.000045815
12076	0.000036667	-8.9118E-06	-0.000017696	1.0882E-06	3.2021E-07	0.000030349
12076	0.00023518	-0.000079611	-0.000065727	7.1235E-06	-4.7901E-07	-0.00004559
12077	0.000034373	-7.9154E-06	-0.000017524	8.7705E-07	2.6859E-07	0.000030735
12077	0.0002377	-0.000080178	-0.000067057	6.1063E-06	-4.0037E-07	-0.000045395
12078	0.000029622	-5.8653E-06	-0.000017138	5.9642E-07	1.9801E-07	0.000031048
12078	0.00024253	-0.000081935	-0.000068158	4.8286E-06	-2.9739E-07	-0.000045243
12079	0.000022661	-2.8637E-06	-0.000016566	3.7463E-07	1.4767E-07	0.000031284
12079	0.00024944	-0.000084757	-0.000069068	4.0683E-06	-2.2702E-07	-0.000045149
12080	0.000014419	6.9646E-07	-0.0000159	2.1012E-07	1.1455E-07	0.000031441
12080	0.00025757	-0.000088196	-0.000069882	0.000003722	-1.838E-07	-0.000045128
12081	5.1763E-06	4.6924E-06	-0.000015161	6.9684E-08	7.4685E-08	0.000031526
12081	0.00026665	-0.00009212	-0.000070622	3.2588E-06	-1.3239E-07	-0.000045185
12082	-0.000005243	9.1892E-06	-0.000014311	-3.9911E-08	2.7626E-08	0.000031542
12082	0.00027686	-0.000096625	-0.000071249	2.6632E-06	-7.1352E-08	-0.000045331
12083	-0.000016244	0.000013901	-0.000013337	-1.6614E-07	8.899E-09	0.000031487
12083	0.00028763	-0.00010143	-0.000071785	2.7676E-06	-5.1191E-08	-0.000045576
12084	-0.000026103	0.000018106	-0.000012427	-4.4089E-07	4.8959E-08	0.000031366
12084	0.00029726	-0.00010568	-0.00007237	4.3524E-06	-1.1815E-07	-0.000045923
12085	-0.000032656	0.000020903	-0.000011828	-9.2486E-07	1.4742E-07	0.000031186
12085	0.00030365	-0.00010827	-0.00007321	7.4175E-06	-2.7655E-07	-0.000046361
12086	-0.000034036	0.000021476	-0.000011675	-1.4563E-06	2.8272E-07	0.000030917
12086	0.00030506	-0.00010833	-0.000074468	0.000011268	-4.9984E-07	-0.000046867
12087	-0.000029913	0.000019689	-0.000012001	-1.6854E-06	4.0357E-07	0.000030529
12087	0.0003013	-0.00010571	-0.000076227	0.000014384	-7.143E-07	-0.000047412
12088	-0.000022045	0.000016312	-0.000012682	-1.4501E-06	4.6435E-07	0.000030014
12088	0.00029407	-0.0001013	-0.00007834	0.000015595	-8.4783E-07	-0.000047967
12089	-0.000013054	0.000012447	-0.000013443	-9.4091E-07	4.5546E-07	0.000029356
12089	0.00028585	-0.000096406	-0.000080542	0.000014902	-8.7707E-07	-0.000048516
12090	-5.5003E-06	9.1767E-06	-0.000014031	-4.5755E-07	3.8903E-07	0.000028556
12090	0.00027904	-0.000092265	-0.000082584	0.000012896	-8.113E-07	-0.000049062
12091	-9.2714E-07	7.1623E-06	-0.000014315	-1.7834E-07	3.0838E-07	0.000027642
12091	0.00027501	-0.000089579	-0.000084301	0.000010799	-7.1606E-07	-0.000049627
12092	0.00000114	6.2077E-06	-0.000014349	-7.0234E-08	2.5635E-07	0.000026621
12092	0.00027328	-0.000088099	-0.000085739	9.6534E-06	-6.6722E-07	-0.000050233
12093	2.2146E-06	0.000005684	-0.000014309	-2.6253E-08	2.3627E-07	0.00002549
12093	0.00027248	-0.000087089	-0.000087091	9.4621E-06	-6.7866E-07	-0.000050896
12094	3.3578E-06	5.1504E-06	-0.000014317	1.5797E-08	2.2747E-07	0.000024249
12094	0.00027163	-0.00008604	-0.000088472	9.6276E-06	-7.1715E-07	-0.000051617
12095	4.8515E-06	0.000004477	-0.000014377	7.2952E-08	2.1592E-07	0.000022895
12095	0.00027047	-0.000084827	-0.000089886	9.7438E-06	-7.5602E-07	-0.000052392
12096	6.6533E-06	3.6776E-06	-0.000014478	1.4425E-07	2.0213E-07	0.000021422
12096	0.00026902	-0.000083472	-0.000091323	9.8308E-06	-7.9656E-07	-0.000053218
12097	8.8022E-06	2.7392E-06	-0.000014629	2.3256E-07	1.8813E-07	0.000019824
12097	0.00026726	-0.000081955	-0.000092793	9.9586E-06	-8.444E-07	-0.00005409
12098	0.000011152	1.7378E-06	-0.000014847	3.2387E-07	1.6511E-07	0.000018089
12098	0.00026535	-0.000080344	-0.000094308	9.8268E-06	-8.7486E-07	-0.000055001
12099	0.00001276	1.0705E-06	-0.000015035	3.5803E-07	1.2097E-07	0.000016223
12099	0.00026415	-0.000079106	-0.000095751	8.9598E-06	-8.4132E-07	-0.000055951
12100	0.000012364	1.2443E-06	-0.00001501	2.9799E-07	6.4191E-08	0.000014244
12100	0.0002648	-0.000078859	-0.000096949	7.6169E-06	-7.5397E-07	-0.000056956
12101	9.9353E-06	2.2474E-06	-0.000014716	1.9308E-07	1.7588E-08	0.000012152
12101	0.00026736	-0.000079631	-0.000097872	6.7753E-06	-6.9354E-07	-0.000058035
12102	6.9356E-06	3.4843E-06	-0.000014349	1.0024E-07	-9.233E-09	9.9525E-06
12102	0.00027047	-0.000080699	-0.000098707	7.1158E-06	-7.2847E-07	-0.000059198
12103	5.2243E-06	4.2276E-06	-0.00001422	4.7387E-08	-2.6068E-08	7.6495E-06
12103	0.00027242	-0.000081122	-0.000099738	8.4125E-06	-8.5509E-07	-0.000060448
12104	5.3695E-06	4.2612E-06	-0.000014437	4.639E-08	-5.2682E-08	5.1897E-06
12104	0.00027272	-0.000080632	-0.00010107	9.1969E-06	-9.5355E-07	-0.000061738
12105	5.2432E-06	4.4384E-06	-0.000014688	3.0565E-08	-9.4762E-08	2.5604E-06
12105	0.00027333	-0.000080299	-0.00010241	8.0601E-06	-8.8208E-07	-0.000063055
12106	1.7779E-06	5.9832E-06	-0.00001451	-5.1332E-08	-1.3698E-07	-1.9131E-07
12106	0.000277	-0.000081628	-0.00010327	5.5488E-06	-6.6303E-07	-0.000064434
12107	-0.000005604	9.1025E-06	-0.000013766	-1.6483E-07	-1.7223E-07	-3.0184E-06
12107	0.00028421	-0.000084901	-0.00010353	3.8241E-06	-4.8886E-07	-0.000065933
12108	-0.000014332	0.000012792	-0.00001289	-3.5294E-07	-2.1441E-07	-5.9046E-06
12108	0.00029267	-0.000088835	-0.00010363	4.2866E-06	-5.0276E-07	-0.000067585
12109	-0.000021622	0.000015964	-0.000012351	-6.2241E-07	-2.6944E-07	-8.8743E-06
12109	0.00029989	-0.000092047	-0.000104	5.8445E-06	-6.2295E-07	-0.000069376
12110	-0.000027218	0.000018488	-0.000012127	-8.2883E-07	-3.2151E-07	-0.000011969
12110	0.00030561	-0.000094429	-0.00010464	6.6278E-06	-6.8556E-07	-0.000071269
12111	-0.000032736	0.000020991	-0.000011936	-8.9791E-07	-3.5744E-07	-0.000015204
12111	0.00031127	-0.0000968	-0.00010526	0.000006175	-6.3861E-07	-0.000073248
12112	-0.000039401	0.000023957	-0.000011581	-9.2655E-07	-3.8644E-07	-0.000018564
12112	0.00031797	-0.000099762	-0.00010566	0.000005409	-5.5548E-07	-0.000075333
12113	-0.000046711	0.000027189	-0.000011151	-1.1122E-06	-4.3834E-07	-0.000022024
12113	0.00032523	-0.00010305	-0.00010592	5.6559E-06	-5.5931E-07	-0.000077556
12114	-0.00005282	0.000029963	-0.000010948	-1.5499E-06	-5.3314E-07	-0.000025616
12114	0.00033142	-0.00010576	-0.00010634	7.3359E-06	-7.0255E-07	-0.000079897
12115	-0.000056237	0.000031682	-0.000011194	-2.0809E-06	-6.5708E-07	-0.000029415
12115	0.00033518	-0.00010714	-0.00010714	9.5777E-06	-9.208E-07	-0.0000823
12116	-0.000056859	0.000032301	-0.000011894	-2.4797E-06	-7.831E-07	-0.000033489
12116	0.00033642	-0.00010716	-0.00010832	0.000011371	-1.1259E-06	-0.000084703
12117	-0.000055478	0.000032128	-0.000012911	-2.6706E-06	-8.9721E-07	-0.000037907
12117	0.00033584	-0.00010622	-0.00010973	0.000012397	-1.2808E-06	-0.000087046
12118	-0.000052957	0.000031514	-0.000014127	-2.7063E-06	-1.0011E-06	-0.000042722
12118	0.00033424	-0.00010474	-0.00011125	0.000012843	-1.3921E-06	-0.000089285
12119	-0.000049929	0.000030724	-0.000015473	-2.6485E-06	-1.0975E-06	-0.000047978
12119	0.00033219	-0.00010304	-0.00011282	0.000012902	-0.000001469	-0.00009139
12120	-0.000046909	0.000029969	-0.000016888	-2.5312E-06	-1.1831E-06	-0.0000537
12120	0.00033017	-0.00010137	-0.00011436	0.000012625	-1.5082E-06	-0.000093342
12121	-0.000044314	0.000029419	-0.000018309	-2.3965E-06	-1.2591E-06	-0.000059903
12121	0.00032854	-0.000099928	-0.00011581	0.000012134	-1.5162E-06	-0.000095134
12122	-0.000042409	0.000029182	-0.00001971	-2.2763E-06	-1.3286E-06	-0.000066602
12122	0.00032756	-0.000098847	-0.00011713	0.000011551	-0.000001502	-0.000096758
12123	-0.000041439	0.000029368	-0.000021073	-2.1675E-06	-1.3826E-06	-0.000073796
12123	0.00032744	-0.000098244	-0.00011831	0.000010817	-1.4563E-06	-0.000098217
12124	-0.000041752	0.000030116	-0.000022349	-2.0626E-06	-1.4086E-06	-0.000081488
12124	0.00032851	-0.000098297	-0.00011928	9.8627E-06	-1.3677E-06	-0.000099517
12125	-0.000043829	0.000031626	-0.000023484	-1.9408E-06	-1.3867E-06	-0.000089666
12125	0.00033124	-0.000099252	-0.00011999	8.5761E-06	-1.2202E-06	-0.00010067
12126	-0.000048238	0.000034121	-0.00002438	-1.7697E-06	-1.2984E-06	-0.000098297
12126	0.00033615	-0.00010139	-0.00012037	6.8755E-06	-1.0033E-06	-0.0001017
12127	-0.000055146	0.000037645	-0.000024967	-1.6464E-06	-1.2146E-06	-0.00010729
12127	0.0003433	-0.00010479	-0.00012029	5.4243E-06	-7.9794E-07	-0.0001027
12128	-0.000063579	0.000041836	-0.000025454	-1.7633E-06	-1.2626E-06	-0.00011653
12128	0.00035173	-0.00010891	-0.00011996	0.000005177	-7.2239E-07	-0.00010379
12129	-0.00007158	0.000045893	-0.000026089	-2.2324E-06	-1.5087E-06	-0.00012612
12129	0.00035969	-0.00011281	-0.00011962	6.4397E-06	-8.1828E-07	-0.00010487
12130	-0.000077572	0.000049183	-0.000027103	-2.8996E-06	-1.8811E-06	-0.00013622
12130	0.0003658	-0.00011573	-0.0001195	8.4551E-06	-1.0066E-06	-0.00010576
12131	-0.000081734	0.000051804	-0.000028524	-3.3434E-06	-2.1618E-06	-0.00014697
12131	0.00037025	-0.00011776	-0.00011962	9.6136E-06	-1.1081E-06	-0.00010634
12132	-0.000085768	0.000054424	-0.000030063	-3.2964E-06	-0.00000218	-0.00015853
12132	0.00037465	-0.00011979	-0.00011971	8.9744E-06	-1.0091E-06	-0.00010645
12133	-0.00009182	0.000057897	-0.000031394	-2.7666E-06	-1.9018E-06	-0.00017094
12133	0.00038099	-0.00012291	-0.00011943	6.6581E-06	-7.1571E-07	-0.00010601
12134	-0.00010164	0.00006296	-0.000032339	-0.000001866	-1.3937E-06	-0.000184
12134	0.0003908	-0.00012792	-0.0001186	0.000003281	-3.0233E-07	-0.00010525
12135	-0.00011551	0.000069717	-0.000032844	-1.0101E-06	-9.2712E-07	-0.00019745
12135	0.00040421	-0.00013491	-0.00011713	3.8585E-07	5.9223E-08	-0.00010443
12136	-0.00013173	0.000077476	-0.000033134	-7.4419E-07	-8.0315E-07	-0.0002112
12136	0.00041969	-0.00014306	-0.00011526	-5.1658E-07	2.199E-07	-0.00010362
12137	-0.00014802	0.000085322	-0.000033537	-1.1274E-06	-1.0104E-06	-0.00022531
12137	0.00043519	-0.00015127	-0.00011331	3.7284E-07	2.1148E-07	-0.00010275
12138	-0.00016334	0.000092826	-0.000034187	-1.6021E-06	-1.2499E-06	-0.00023993
12138	0.00044975	-0.00015901	-0.0001114	1.4244E-06	1.8781E-07	-0.00010165
12139	-0.00017851	0.00010032	-0.000034965	-0.000001347	-1.1448E-06	-0.00025523
12139	0.00046412	-0.00016669	-0.00010943	7.5684E-07	3.0332E-07	-0.00010011
12140	-0.00019538	0.00010855	-0.000035604	-8.8845E-08	-5.9556E-07	-0.00027119
12140	0.00047999	-0.00017522	-0.00010713	-2.0048E-06	5.7121E-07	-0.00009815
12141	-0.00021501	0.00011795	-0.00003599	1.4572E-06	4.9744E-08	-0.00028766
12141	0.00049829	-0.00018511	-0.00010438	-5.1073E-06	0.000000841	-0.000095937
12142	-0.00023665	0.00012823	-0.000036219	0.000002386	3.9856E-07	-0.00030452
12142	0.00051837	-0.000196	-0.00010129	-6.7087E-06	9.8095E-07	-0.000093549
12143	-0.00025892	0.00013882	-0.000036474	2.7488E-06	5.0153E-07	-0.00032183
12143	0.00053898	-0.00020721	-0.000098033	-7.0856E-06	1.0216E-06	-0.000090906
12144	-0.00028157	0.0001496	-0.000036782	3.6082E-06	8.0276E-07	-0.00033967
12144	0.00055985	-0.00021861	-0.000094633	-8.3016E-06	1.0928E-06	-0.000087874
12145	-0.00030563	0.00016101	-0.00003701	5.6544E-06	1.5524E-06	-0.00035801
12145	0.0005819	-0.00023069	-0.000090977	-0.000011482	1.2426E-06	-0.000084452
12146	-0.00033184	0.00017334	-0.00003705	8.0484E-06	2.4028E-06	-0.00037673
12146	0.00060583	-0.00024379	-0.000086981	-0.00001503	1.3688E-06	-0.00008075
12147	-0.00035948	0.00018629	-0.000036976	9.4496E-06	0.000002863	-0.00039573
12147	0.00063101	-0.00025761	-0.000082747	-0.000016731	1.3673E-06	-0.000076829
12148	-0.0003871	0.00019925	-0.000036921	9.5719E-06	2.8758E-06	-0.00041506
12148	0.00065603	-0.00027142	-0.000078398	-0.00001631	1.2452E-06	-0.000072538
12149	-0.00041376	0.00021177	-0.000036907	9.1342E-06	2.7326E-06	-0.00043499
12149	0.00067996	-0.00028474	-0.000073985	-0.000015051	1.0671E-06	-0.000067485
12150	-0.0004396	0.00022391	-0.000036891	9.3415E-06	0.000002853	-0.00045576
12150	0.00070293	-0.00029763	-0.000069536	-0.000014815	8.9479E-07	-0.000061219
12151	-0.00046567	0.00023609	-0.000036744	0.000011089	3.5276E-06	-0.00047759
12151	0.00072587	-0.00031054	-0.000064984	-0.000016845	7.4213E-07	-0.000053379
12152	-0.00049318	0.00024882	-0.000036373	0.000014476	0.000004769	-0.00050049
12152	0.00074992	-0.00032404	-0.000060273	-0.000021135	5.6869E-07	-0.000043837
12153	-0.00052295	0.00026246	-0.000035671	0.000018897	6.3546E-06	-0.00052434
12153	0.00077587	-0.0003385	-0.0000554	-0.00002669	3.1389E-07	-0.000032597
12154	-0.00055526	0.00027709	-0.000034564	0.000023835	8.0961E-06	-0.00054895
12154	0.00080398	-0.00035401	-0.000050407	-0.000032704	-6.1734E-08	-0.000019746
12155	-0.00059014	0.00029271	-0.00003299	0.000029291	0.000009983	-0.00057408
12155	0.00083419	-0.00037054	-0.000045345	-0.000039151	-5.7461E-07	-5.4167E-06
12156	-0.00062745	0.0003092	-0.000030855	0.000034792	0.000011859	-0.00059952
12156	0.0008663	-0.00038798	-0.000040257	-0.000045383	-1.2363E-06	0.000010319
12157	-0.00066682	0.00032635	-0.000028067	0.000039898	0.000013587	-0.00062512
12157	0.00089992	-0.00040609	-0.000035232	-0.000050843	-2.0452E-06	0.00002755
12158	-0.000708	0.00034397	-0.000024493	0.000045253	0.000015376	-0.0006508
12158	0.00093474	-0.00042469	-0.000030377	-0.000056408	-3.0135E-06	0.000046568
12159	-0.00075137	0.00036216	-0.000019981	0.000053008	0.000017863	-0.00067643
12159	0.00097106	-0.00044383	-0.000025791	-0.000064795	-4.2233E-06	0.000067659
12160	-0.00079832	0.00038139	-0.000014285	0.000065493	0.00002167	-0.00070162
12160	0.0010101	-0.00046396	-0.000021619	-0.000078763	-5.8222E-06	0.000090745
12161	-0.00085031	0.00040228	-7.2302E-06	0.000082193	0.000026499	-0.00072548
12161	0.0010532	-0.00048564	-0.000018064	-0.000097404	-7.8669E-06	0.00011506
12162	-0.00090784	0.0004249	0.000001532	0.0001005	0.000031446	-0.00074701
12162	0.0011009	-0.00050905	-0.00001531	-0.00011735	-0.000010252	0.00013955
12163	-0.00097051	0.00044901	0.000012226	0.00011898	0.000035997	-0.00076491
12163	0.0011529	-0.00053392	-0.000013653	-0.00013685	-0.000012836	0.00016304
12164	-0.0010378	0.0004742	0.000025193	0.00013771	0.000040095	-0.00077784
12164	0.0012085	-0.00055977	-0.000013447	-0.00015608	-0.000015529	0.0001845
12165	-0.0011094	0.00050012	0.000040752	0.0001589	0.00004416	-0.00078421
12165	0.0012672	-0.00058613	-0.000015141	-0.00017757	-0.000018362	0.00020287
12166	-0.0011853	0.00052653	0.00005935	0.00018353	0.000048202	-0.000782
12166	0.001329	-0.00061271	-0.000019181	-0.00020244	-0.000021268	0.00021676
12167	-0.0012653	0.00055314	0.000081425	0.00021035	0.000051599	-0.00076865
12167	0.0013937	-0.00063921	-0.000026148	-0.00022917	-0.000023965	0.0002242
12168	-0.0013486	0.00057946	0.00010724	0.00023896	0.000053909	-0.00074084
12168	0.0014606	-0.000665	-0.000036687	-0.00025735	-0.000026142	0.00022265
12169	-0.0014338	0.00060478	0.00013685	0.00026946	0.0000547	-0.00069443
12169	0.0015285	-0.00068918	-0.00005144	-0.00028708	-0.000027419	0.00020891
12170	-0.0015184	0.00062806	0.00016993	0.00030254	0.000053507	-0.00062449
12170	0.0015954	-0.00071058	-0.000070818	-0.0003192	-0.000027317	0.00017899
12171	-0.0015986	0.00064793	0.00020547	0.00033843	0.000049595	-0.0005255
12171	0.001658	-0.00072776	-0.000094572	-0.00035405	-0.000025155	0.00012806
12172	-0.0016686	0.00066283	0.0002411	0.00037601	0.000041937	-0.00039246
12172	0.0017116	-0.00073911	-0.00012127	-0.00039054	-0.000020045	0.000051125
12173	-0.0017206	0.00067095	0.00027292	0.00041234	0.000029507	-0.00022284
12173	0.0017492	-0.00074288	-0.00014788	-0.00042583	-0.000011095	-0.000055312
12174	-0.0017451	0.00067064	0.00029524	0.00044297	0.000011813	-0.000019459
12174	0.0017625	-0.0007375	-0.00016977	-0.00045559	2.1695E-06	-0.00019055
12175	-0.0017326	0.00066059	0.0003016	0.00046529	-0.000010628	0.00020708
12175	0.0017431	-0.00072161	-0.00018158	-0.00047743	0.000019492	-0.00034716
12176	-0.0016767	0.00063993	0.00028746	0.0004775	-0.000036314	0.00043778
12176	0.0016847	-0.00069472	-0.00017821	-0.00048969	0.000039709	-0.00051013
12177	-0.0015764	0.00060877	0.00025194	0.00047693	-0.000062707	0.00064803
12177	0.0015862	-0.00065739	-0.00015742	-0.00048974	0.000060613	-0.0006589
12178	-0.0014376	0.00056816	0.00019905	0.00046108	-0.00008627	0.00081323
12178	0.0014523	-0.00061108	-0.00012146	-0.00047499	0.000079078	-0.00077232
12179	-0.0012718	0.00052004	0.00013647	0.00043007	-0.0001035	0.00091552
12179	0.0012936	-0.00055771	-0.000077052	-0.00044534	0.000092053	-0.00083471
12180	-0.0010934	0.00046633	0.00007436	0.00038767	-0.00011236	0.00094832
12180	0.0011234	-0.00049924	-0.000033047	-0.00040437	0.000097798	-0.00084011
12181	-0.00091638	0.00040909	0.000021866	0.00033854	-0.00011255	0.00091723
12181	0.00095416	-0.00043775	2.6847E-06	-0.00035649	0.000096111	-0.0007932
12182	-0.00075075	0.00035016	-0.000015153	0.00028719	-0.00010547	0.00083665
12182	0.00079516	-0.00037515	0.000025326	-0.00030609	0.000088244	-0.00070636
12183	-0.00060139	0.00029096	-0.00003512	0.00023656	-0.000093251	0.00072446
12183	0.00065068	-0.00031287	0.000033933	-0.00025602	0.000076082	-0.0005949
12184	-0.0004679	0.00023222	-0.000040132	0.00018741	-0.000077862	0.00059673
12184	0.00052011	-0.0002517	0.000030863	-0.00020697	0.00006134	-0.00047222
12185	-0.0003456	0.00017374	-0.000034464	0.00013936	-0.000060935	0.00046435
12185	0.00039878	-0.00019147	0.00002046	-0.00015859	0.000045345	-0.00034659
12186	-0.0002272	0.00011461	-0.000023446	0.000091305	-0.000043426	0.00033173
12186	0.00027959	-0.00013127	7.8881E-06	-0.00010982	0.000028728	-0.00021985
12187	-0.00010679	0.000054551	-0.000012427	0.00004274	-0.000025726	0.00019807
12187	0.00015674	-0.000070726	-1.8177E-06	-0.00006024	0.000011944	-0.000092024
12188	-0.000011769	7.9674E-06	-5.5642E-06	5.1942E-06	-9.8474E-06	0.000076289
12188	0.000056798	-0.000023547	-5.1548E-06	-0.000021105	-7.0081E-07	5.4278E-06
12189	0.000021304	-8.0667E-06	-3.5759E-06	-7.7218E-06	-2.4249E-06	0.000018785
12189	0.000016379	-5.7029E-06	-3.8214E-06	-5.8024E-06	-3.6372E-06	0.000028153
12190	0.000016169	-6.2364E-06	-2.4656E-06	-5.9161E-06	-1.6452E-06	0.000012675
12190	0.000013429	-5.0046E-06	-0.000002423	-4.8693E-06	-1.6637E-06	0.000012819
12191	0.000010699	-4.1409E-06	-1.6036E-06	-3.9019E-06	-9.3924E-07	7.2576E-06
12191	0.000011691	-4.6085E-06	-1.5722E-06	-4.2878E-06	-8.4231E-07	0.000006507
12192	8.3124E-06	-3.3239E-06	-1.0237E-06	-3.0082E-06	-4.654E-07	3.6525E-06
12192	8.2278E-06	-0.000003286	-1.0219E-06	-2.9771E-06	-4.7282E-07	3.7123E-06
12193	6.0642E-06	-2.4688E-06	-6.5767E-07	-0.000002169	-2.4422E-07	1.9508E-06
12193	5.9443E-06	-2.4173E-06	-6.5056E-07	-2.1253E-06	-2.4256E-07	1.9375E-06
12194	4.3147E-06	-1.7761E-06	-4.2566E-07	-1.5505E-06	-1.277E-07	1.0206E-06
12194	4.2805E-06	-1.7635E-06	-4.1922E-07	-1.5386E-06	-1.2388E-07	9.9013E-07
12195	3.0411E-06	-1.2649E-06	-2.6879E-07	-1.1196E-06	-6.4459E-08	5.052E-07
12195	3.0223E-06	-1.2577E-06	-2.658E-07	-1.1129E-06	-6.356E-08	4.9814E-07
12196	2.1049E-06	-8.8126E-07	-1.7198E-07	-7.8821E-07	-3.1064E-08	2.3936E-07
12196	2.1053E-06	-8.825E-07	-1.6968E-07	-7.8863E-07	-3.0484E-08	2.3489E-07
12197	1.4274E-06	-6.0128E-07	-1.0981E-07	-5.2762E-07	-1.3326E-08	1.0378E-07
12197	1.4224E-06	-5.9958E-07	-1.0856E-07	-5.2595E-07	-1.2987E-08	1.0112E-07
12198	9.2406E-07	-3.9028E-07	-7.0349E-08	-3.3162E-07	-4.8425E-09	3.8859E-08
12198	9.0683E-07	-3.8273E-07	-6.9627E-08	-3.254E-07	-4.7359E-09	3.8003E-08
12199	5.2326E-07	-2.1889E-07	-4.4668E-08	-1.8511E-07	-1.7589E-09	1.4318E-08
12199	5.121E-07	-2.1393E-07	-4.4338E-08	-1.811E-07	-1.6951E-09	1.3801E-08
12200	2.0216E-07	-7.7542E-08	-3.2187E-08	-7.0776E-08	-1.593E-09	1.256E-08
12200	2.0395E-07	-7.8522E-08	-3.1836E-08	-7.1515E-08	-1.5023E-09	1.1839E-08
12201	4.5894E-08	-8.6042E-09	-2.6534E-08	-1.4369E-08	-1.9034E-09	1.4612E-08
12201	4.7534E-08	-9.3681E-09	-2.6505E-08	-1.4985E-08	-1.9111E-09	1.4669E-08
12202	2.646E-08	-6.7416E-10	-2.4486E-08	-7.2638E-09	-1.6696E-09	1.2697E-08
12202	2.4857E-08	1.4629E-10	-2.4678E-08	-6.6139E-09	-1.7318E-09	1.317E-08
12203	2.0724E-08	1.3831E-09	-2.3297E-08	-5.0811E-09	-1.3712E-09	1.0633E-08
12203	2.0454E-08	1.6131E-09	-2.3526E-08	-4.9474E-09	-1.4429E-09	1.119E-08
12204	1.6332E-08	3.4047E-09	-2.3344E-08	-3.2967E-09	-1.1175E-09	8.9185E-09
12204	1.6523E-08	3.4248E-09	-2.3575E-08	-3.3401E-09	-1.182E-09	9.4338E-09
12205	1.3386E-08	5.4786E-09	-2.4905E-08	-1.9896E-09	-8.9825E-10	7.2481E-09
12205	1.3517E-08	5.5429E-09	-2.5172E-08	-2.0064E-09	-9.5615E-10	7.7152E-09
12206	1.1834E-08	7.7764E-09	-2.8308E-08	-1.0342E-09	-6.7226E-10	5.3416E-09
12206	1.1872E-08	7.9156E-09	-2.8644E-08	-1.0081E-09	-7.2941E-10	5.7944E-09
12207	1.1937E-08	1.042E-08	-3.408E-08	-3.9801E-10	-3.7748E-10	2.9188E-09
12207	1.2004E-08	1.0586E-08	-3.4504E-08	-3.7203E-10	-4.3241E-10	3.3405E-09
