Node #	x (correct)	y (correct)	z (correct)	xy (correct)	yz (correct)	xz (correct)
11651	 0.61254E-09	 0.58849E-09	-1.8643E-09	 0.63043E-11	-1.0536E-10	-8.1721E-10
11651	 0.62432E-09	 0.60591E-09	-1.9133E-09	 0.48261E-11	-6.3799E-11	-4.9485E-10
11653	 0.51810E-09	 0.45938E-09	-1.4945E-09	 0.15664E-10	-1.8639E-10	-1.4245E-09
11653	 0.52513E-09	 0.47732E-09	-1.5399E-09	 0.12755E-10	-1.4128E-10	-1.0785E-09
11654	 0.50328E-09	 0.34483E-09	-1.2338E-09	 0.42936E-10	-3.3808E-10	-2.5443E-09
11654	 0.49878E-09	 0.36589E-09	-1.2746E-09	 0.36012E-10	-2.8938E-10	-2.1772E-09
11655	 0.55359E-09	 0.24094E-09	-1.0599E-09	 0.85250E-10	-4.6853E-10	-3.4999E-09
11655	 0.53324E-09	 0.26701E-09	-1.0959E-09	 0.72595E-10	-4.1922E-10	-3.1315E-09
11656	 0.65788E-09	 0.14530E-09	-9.5669E-10	 0.13855E-09	-5.7484E-10	-4.3256E-09
11656	 0.62087E-09	 0.17616E-09	-9.8673E-10	 0.12020E-09	-5.2422E-10	-3.9448E-09
11657	 0.80312E-09	 0.56309E-10	-9.0836E-10	 0.19821E-09	-6.5726E-10	-5.0333E-09
11657	 0.75809E-09	 0.87210E-10	-9.3057E-10	 0.17803E-09	-6.0554E-10	-4.6374E-09
11658	 0.98301E-09	-0.28408E-10	-9.033E-10	 0.26509E-09	-7.2526E-10	-5.6261E-09
11658	 0.94688E-09	-0.59401E-11	-9.1609E-10	 0.24971E-09	-6.7228E-10	-5.2152E-09
11659	 0.26097E-08	-0.75780E-09	-9.3185E-10	 0.89079E-09	-8.7098E-10	-6.724E-09
11659	 0.28080E-08	-0.84601E-09	-9.3681E-10	 0.96684E-09	-8.1691E-10	-6.3062E-09
11660	 0.17355E-07	-0.74638E-08	-9.7123E-10	 0.67014E-08	-1.6996E-09	-1.2859E-08
11660	 0.17855E-07	-0.76904E-08	-9.7484E-10	 0.68964E-08	-1.6498E-09	-1.2481E-08
11661	 0.47738E-07	-0.21130E-07	-1.3712E-09	 0.18684E-07	-3.2218E-09	-2.4184E-08
11661	 0.48007E-07	-0.21251E-07	-1.3747E-09	 0.18790E-07	-3.1785E-09	-2.386E-08
11662	 0.86694E-07	-0.38609E-07	-2.0332E-09	 0.33655E-07	-5.0052E-09	-3.7915E-08
11662	 0.85974E-07	-0.38291E-07	-2.009E-09	 0.33377E-07	-4.958E-09	-3.7558E-08
11663	 0.13800E-06	-0.61602E-07	-3.0732E-09	 0.52590E-07	-7.3644E-09	-5.6847E-08
11663	 0.13554E-06	-0.60494E-07	-3.0391E-09	 0.51652E-07	-7.2925E-09	-5.6293E-08
11664	 0.20787E-06	-0.92853E-07	-4.5616E-09	 0.78769E-07	-1.0962E-08	-8.5108E-08
11664	 0.20394E-06	-0.91089E-07	-4.4951E-09	 0.77278E-07	-1.0852E-08	-8.4256E-08
11665	 0.30433E-06	-0.13586E-06	-6.6002E-09	 0.11711E-06	-1.6841E-08	-1.2878E-07
11665	 0.30149E-06	-0.13461E-06	-6.5062E-09	 0.11603E-06	-1.6665E-08	-1.2743E-07
11666	 0.44048E-06	-0.19669E-06	-9.0251E-09	 0.17245E-06	-2.6222E-08	-1.9722E-07
11666	 0.44131E-06	-0.19710E-06	-8.9382E-09	 0.17279E-06	-2.6067E-08	-1.9605E-07
11667	 0.64452E-06	-0.28798E-06	-1.2789E-08	 0.25252E-06	-4.0826E-08	-3.0699E-07
11667	 0.63381E-06	-0.28319E-06	-1.2571E-08	 0.24834E-06	-4.0817E-08	-3.0692E-07
11668	 0.94980E-06	-0.42568E-06	-1.6658E-08	 0.36838E-06	-6.4848E-08	-4.9294E-07
11668	 0.89877E-06	-0.40254E-06	-1.6326E-08	 0.34856E-06	-6.3423E-08	-4.8208E-07
11669	 0.13043E-05	-0.58593E-06	-2.0305E-08	 0.50344E-06	-1.0462E-07	-7.9934E-07
11669	 0.13636E-05	-0.61280E-06	-2.0785E-08	 0.52640E-06	-1.0169E-07	-7.7696E-07
11670	 0.17376E-05	-0.78197E-06	-2.3386E-08	 0.67605E-06	-1.6467E-07	-1.2485E-06
11670	 0.21046E-05	-0.95002E-06	-2.2027E-08	 0.81990E-06	-1.7771E-07	-1.3472E-06
11671	 0.33546E-05	-0.15171E-05	-2.6966E-08	 0.13216E-05	-2.8103E-07	-2.1101E-06
11671	 0.21693E-05	-0.98386E-06	-1.1741E-08	 0.85347E-06	-2.9899E-07	-2.2457E-06
11672	 0.65682E-05	-0.30001E-05	8.7838E-09	 0.25825E-05	-5.893E-07	-4.4447E-06
11672	 0.11646E-05	-0.52579E-06	-1.1355E-08	 0.45842E-06	-3.5279E-07	-0.000002659
11673	 0.89066E-05	-0.41426E-05	1.6404E-07	 0.34694E-05	-9.7033E-07	-7.4282E-06
11673	 0.19279E-06	-0.49774E-07	-8.1929E-08	 0.65845E-07	-1.8865E-07	-0.000001438
11674	 0.93696E-05	-0.45038E-05	4.7876E-07	 0.36395E-05	-1.2596E-06	-9.7666E-06
11674	-0.15468E-06	 0.18005E-06	-2.3483E-07	-0.87820E-07	1.0308E-07	8.0107E-07
11675	 0.92409E-05	-0.46556E-05	9.3346E-07	 0.36624E-05	-0.00000154	-0.00001188
11675	-0.99012E-07	 0.26229E-06	-4.6605E-07	-0.95022E-07	3.7591E-07	2.8974E-06
11676	 0.89892E-05	-0.47990E-05	1.4982E-06	 0.37038E-05	-1.8328E-06	-0.000013879
11676	 0.63394E-07	 0.32895E-06	-7.6863E-07	-0.71026E-07	6.2295E-07	4.7158E-06
11677	 0.86820E-05	-0.49568E-05	2.1444E-06	 0.37055E-05	-2.1072E-06	-0.00001579
11677	 0.28735E-06	 0.39811E-06	-1.1368E-06	-0.30410E-07	8.3879E-07	6.2866E-06
11678	 0.82728E-05	-0.51053E-05	2.8599E-06	 0.36044E-05	-2.3317E-06	-0.000017623
11678	 0.62704E-06	 0.43611E-06	-1.5514E-06	 0.50002E-07	1.0082E-06	7.6214E-06
11679	 0.77045E-05	-0.52192E-05	3.6552E-06	 0.34398E-05	-2.5328E-06	-0.000019364
11679	 0.11245E-05	 0.41488E-06	-1.9936E-06	 0.18751E-06	1.1394E-06	8.7135E-06
11680	 0.70324E-05	-0.53078E-05	4.5078E-06	 0.33079E-05	-0.000002766	-0.000020987
11680	 0.17224E-05	 0.36229E-06	-2.4663E-06	 0.36463E-06	1.2579E-06	9.5494E-06
11681	 0.64057E-05	-0.54181E-05	5.3744E-06	 0.32720E-05	-3.0569E-06	-0.000022483
11681	 0.22932E-05	 0.35277E-06	-3.0026E-06	 0.53761E-06	1.3775E-06	0.00001014
11682	 0.59710E-05	-0.55967E-05	6.2068E-06	 0.33523E-05	-3.3911E-06	-0.000023865
11682	 0.27210E-05	 0.45881E-06	-3.6449E-06	 0.65479E-06	1.4943E-06	0.000010525
11683	 0.57914E-05	-0.58640E-05	6.9807E-06	 0.35246E-05	-3.7224E-06	-0.000025163
11683	 0.29695E-05	 0.71218E-06	-4.4285E-06	 0.67974E-06	1.5925E-06	0.000010771
11684	 0.58172E-05	-0.61968E-05	7.6883E-06	 0.37311E-05	-0.000004004	-0.000026393
11684	 0.30871E-05	 0.10729E-05	-5.3172E-06	 0.62158E-06	1.6576E-06	0.000010928
11685	 0.59402E-05	-0.65703E-05	8.3791E-06	 0.39201E-05	-4.2189E-06	-0.000027576
11685	 0.31537E-05	 0.14882E-05	-6.2762E-06	 0.51753E-06	1.6906E-06	0.000011045
11686	 0.60456E-05	-0.69545E-05	0.000009101	 0.40527E-05	-4.3725E-06	-0.000028718
11686	 0.32480E-05	 0.18974E-05	-7.2501E-06	 0.41639E-06	1.6971E-06	0.000011134
11687	 0.60568E-05	-0.73257E-05	9.8837E-06	 0.41346E-05	-0.000004501	-0.000029813
11687	 0.34187E-05	 0.22546E-05	-8.1865E-06	 0.35460E-06	1.6885E-06	0.000011166
11688	 0.59912E-05	-0.76808E-05	0.000010711	 0.42180E-05	-4.6528E-06	-0.000030855
11688	 0.36485E-05	 0.25710E-05	-9.0919E-06	 0.32724E-06	1.6807E-06	0.000011122
11689	 0.59289E-05	-0.80314E-05	0.000011533	 0.43393E-05	-4.8373E-06	-0.000031846
11689	 0.38873E-05	 0.28923E-05	-0.000010016	 0.30382E-06	1.6764E-06	0.000011006
11690	 0.59216E-05	-0.83838E-05	0.000012305	 0.44822E-05	-5.0185E-06	-0.000032786
11690	 0.41111E-05	 0.32403E-05	-0.000010984	 0.26697E-06	1.6636E-06	0.000010827
11691	 0.59492E-05	-0.87413E-05	0.00001305	 0.46114E-05	-0.000005165	-0.000033681
11691	 0.43318E-05	 0.35983E-05	-0.00001197	 0.22400E-06	1.6332E-06	0.000010595
11692	 0.59644E-05	-0.90981E-05	0.000013803	 0.47204E-05	-5.2871E-06	-0.000034526
11692	 0.45704E-05	 0.39364E-05	-0.000012931	 0.19218E-06	1.5884E-06	0.000010305
11693	 0.59591E-05	-0.94469E-05	0.00001456	 0.48294E-05	-5.4108E-06	-0.000035318
11693	 0.48309E-05	 0.42508E-05	-0.000013862	 0.17521E-06	1.5367E-06	9.9497E-06
11694	 0.59636E-05	-0.97872E-05	0.000015292	 0.49575E-05	-5.5461E-06	-0.000036054
11694	 0.50981E-05	 0.45580E-05	-0.000014783	 0.16336E-06	0.00000148	9.5252E-06
11695	 0.60177E-05	-0.10122E-04	0.000015967	 0.51169E-05	-5.6909E-06	-0.000036731
11695	 0.53539E-05	 0.48786E-05	-0.000015723	 0.14408E-06	1.4181E-06	9.0389E-06
11696	 0.61444E-05	-0.10447E-04	0.00001655	 0.52938E-05	-5.8223E-06	-0.000037341
11696	 0.55959E-05	 0.52197E-05	-0.000016694	 0.11349E-06	1.3469E-06	8.5032E-06
11697	 0.63159E-05	-0.10763E-04	0.000017066	 0.54559E-05	-5.9144E-06	-0.000037878
11697	 0.58385E-05	 0.55597E-05	-0.000017662	 0.82675E-07	1.2635E-06	7.9321E-06
11698	 0.64719E-05	-0.11063E-04	0.000017558	 0.55747E-05	-5.9598E-06	-0.000038332
11698	 0.61137E-05	 0.58580E-05	-0.000018573	 0.74956E-07	1.1667E-06	0.000007318
11699	 0.65426E-05	-0.11336E-04	0.000018068	 0.56246E-05	-5.9582E-06	-0.000038697
11699	 0.64618E-05	 0.60689E-05	-0.000019366	 0.11691E-06	1.0538E-06	6.6314E-06
11700	 0.64724E-05	-0.11576E-04	0.000018642	 0.56129E-05	-0.000005936	-0.000038966
11700	 0.68980E-05	 0.61564E-05	-0.00001998	 0.22368E-06	9.2335E-07	5.8231E-06
11701	 0.62870E-05	-0.11777E-04	0.00001925	 0.55878E-05	-5.9358E-06	-0.000039147
11701	 0.74066E-05	 0.61400E-05	-0.00002044	 0.38497E-06	7.7581E-07	4.8527E-06
11702	 0.60774E-05	-0.11933E-04	0.000019793	 0.55890E-05	-5.9676E-06	-0.000039221
11702	 0.79595E-05	 0.60678E-05	-0.000020822	 0.58029E-06	6.0222E-07	3.6701E-06
11703	 0.59392E-05	-0.12044E-04	0.000020175	 0.56351E-05	-0.000006016	-0.000039165
11703	 0.85227E-05	 0.59891E-05	-0.0000212	 0.78710E-06	3.9618E-07	2.2697E-06
11704	 0.59328E-05	-0.12113E-04	0.000020342	 0.57223E-05	-6.0526E-06	-0.000038955
11704	 0.90651E-05	 0.59361E-05	-0.000021611	 0.98518E-06	1.6056E-07	6.9857E-07
11705	 0.60436E-05	-0.12137E-04	0.000020292	 0.58041E-05	-6.0314E-06	-0.000038557
11705	 0.96027E-05	 0.58927E-05	-0.000022039	 0.11773E-05	-9.9226E-08	-1.0032E-06
11706	 0.61596E-05	-0.12102E-04	0.000020102	 0.58118E-05	-5.9175E-06	-0.000037928
11706	 0.10197E-04	 0.57798E-05	-0.000022374	 0.13984E-05	-3.7982E-07	-2.8423E-06
11707	 0.61377E-05	-0.11990E-04	0.00001987	 0.57070E-05	-5.7224E-06	-0.000037042
11707	 0.10920E-04	 0.55067E-05	-0.000022491	 0.16961E-05	-6.8249E-07	-4.8648E-06
11708	 0.58960E-05	-0.11775E-04	0.000019631	 0.55001E-05	-5.4858E-06	-0.000035882
11708	 0.11813E-04	 0.50247E-05	-0.000022325	 0.21040E-05	-1.0199E-06	-7.1557E-06
11709	 0.54563E-05	-0.11440E-04	0.000019333	 0.52303E-05	-0.000005239	-0.000034431
11709	 0.12875E-04	 0.43465E-05	-0.000021901	 0.26310E-05	-1.4138E-06	-9.8097E-06
11710	 0.48945E-05	-0.10972E-04	0.000018872	 0.49102E-05	-4.9697E-06	-0.000032657
11710	 0.14096E-04	 0.35123E-05	-0.000021292	 0.32649E-05	-1.8798E-06	-0.000012905
11711	 0.42377E-05	-0.10366E-04	0.000018207	 0.45256E-05	-0.00000465	-0.000030508
11711	 0.15472E-04	 0.25273E-05	-0.000020509	 0.39990E-05	-2.4258E-06	-0.000016499
11712	 0.34806E-05	-0.96064E-05	0.000017309	 0.40662E-05	-4.2684E-06	-0.000027928
11712	 0.17020E-04	 0.13831E-05	-0.00001955	 0.48439E-05	-3.0603E-06	-0.00002064
11713	 0.26162E-05	-0.86787E-05	0.000016155	 0.35273E-05	-3.8172E-06	-0.000024847
11713	 0.18761E-04	 0.73312E-07	-0.000018418	 0.58194E-05	-3.7986E-06	-0.000025378
11714	 0.16646E-05	-0.75707E-05	0.000014698	 0.29123E-05	-0.000003286	-0.000021182
11714	 0.20699E-04	-0.13912E-05	-0.000017137	 0.69487E-05	-4.6642E-06	-0.00003076
11715	 0.64118E-06	-0.62661E-05	0.000012886	 0.22040E-05	-2.6427E-06	-0.000016833
11715	 0.22853E-04	-0.30055E-05	-0.000015738	 0.82275E-05	-5.6587E-06	-0.000036818
11716	-0.59509E-06	-0.47144E-05	0.000010743	 0.13209E-05	-1.8461E-06	-0.000011702
11716	 0.25370E-04	-0.48526E-05	-0.0000142	 0.96310E-05	-6.7255E-06	-0.0000436
11717	-0.23897E-05	-0.28222E-05	8.4088E-06	 0.14702E-06	-8.9238E-07	-5.6668E-06
11717	 0.28531E-04	-0.71143E-05	-0.000012422	 0.11204E-04	-7.8197E-06	-0.000051259
11718	-0.49606E-05	-0.48535E-06	5.8751E-06	-0.13860E-05	1.8747E-07	0.000001326
11718	 0.32521E-04	-0.98949E-05	-0.000010335	 0.13192E-04	-9.0702E-06	-0.000059976
11719	-0.80882E-05	 0.22106E-05	3.0985E-06	-0.32688E-05	1.4359E-06	9.3122E-06
11719	 0.37192E-04	-0.13003E-04	-8.1342E-06	 0.15907E-04	-0.000010765	-0.000069863
11720	-0.11279E-04	 0.50722E-05	-1.3607E-08	-0.54502E-05	2.9834E-06	0.000018396
11720	 0.42170E-04	-0.16140E-04	-6.0508E-06	 0.19401E-04	-0.000013067	-0.00008089
11721	-0.14273E-04	 0.79576E-05	-3.4132E-06	-0.78170E-05	4.9143E-06	0.000028772
11721	 0.47254E-04	-0.19189E-04	-4.1758E-06	 0.23340E-04	-0.000015821	-0.000092957
11722	-0.17462E-04	 0.10952E-04	-6.8659E-06	-0.10309E-04	7.1379E-06	0.000040572
11722	 0.52826E-04	-0.22372E-04	-2.5164E-06	 0.27273E-04	-0.000018596	-0.00010594
11723	-0.21826E-04	 0.14374E-04	-0.000010067	-0.13160E-04	9.4981E-06	0.000053877
11723	 0.59762E-04	-0.26095E-04	-1.1337E-06	 0.31215E-04	-0.000021081	-0.00011975
11724	-0.28272E-04	 0.18500E-04	-0.000012754	-0.16853E-04	0.000011987	0.000068575
11724	 0.68836E-04	-0.30583E-04	-2.291E-07	 0.35825E-04	-0.00002343	-0.00013416
11725	-0.37182E-04	 0.23278E-04	-0.000014495	-0.21779E-04	0.000014677	0.000084047
11725	 0.80288E-04	-0.35768E-04	-6.2009E-08	 0.41796E-04	-0.000025948	-0.00014867
11726	-0.48634E-04	 0.28513E-04	-0.000014814	-0.27989E-04	0.00001745	0.000099301
11726	 0.94081E-04	-0.41504E-04	-8.8858E-07	 0.49182E-04	-0.000028557	-0.00016251
11727	-0.62843E-04	 0.34157E-04	-0.000013328	-0.35186E-04	0.000019854	0.00011298
11727	 0.11036E-03	-0.47787E-04	-2.9878E-06	 0.57376E-04	-0.000030695	-0.00017459
11728	-0.79956E-04	 0.40282E-04	-9.9718E-06	-0.43023E-04	0.000021388	0.00012329
11728	 0.12928E-03	-0.54684E-04	-6.4697E-06	 0.65847E-04	-0.000031836	-0.00018335
11729	-0.99412E-04	 0.46688E-04	-0.000004896	-0.51450E-04	0.000021915	0.00012839
11729	 0.15025E-03	-0.61953E-04	-0.000011211	 0.74740E-04	-0.000031977	-0.00018712
11730	-0.11978E-03	 0.52965E-04	1.2638E-06	-0.60543E-04	0.000021493	0.00012674
11730	 0.17178E-03	-0.69142E-04	-0.000016555	 0.84429E-04	-0.000031335	-0.00018449
11731	-0.13908E-03	 0.58657E-04	7.5164E-06	-0.69800E-04	0.000020067	0.00011779
11731	 0.19197E-03	-0.75717E-04	-0.000021727	 0.94463E-04	-0.000029899	-0.00017516
11732	-0.15547E-03	 0.63505E-04	0.000012718	-0.78072E-04	0.000017536	0.00010225
11732	 0.20916E-03	-0.81351E-04	-0.000025961	 0.10354E-03	-0.000027532	-0.00016007
11733	-0.16793E-03	 0.67513E-04	0.000016051	-0.84120E-04	0.00001402	0.000081932
11733	 0.22256E-03	-0.86053E-04	-0.000028684	 0.11020E-03	-0.000024267	-0.00014113
11734	-0.17645E-03	 0.70839E-04	0.000017253	-0.87408E-04	9.9691E-06	0.000059336
11734	 0.23217E-03	-0.90031E-04	-0.000029594	 0.11380E-03	-0.000020468	-0.00012067
11735	-0.18150E-03	 0.73542E-04	0.000016605	-0.88438E-04	0.000005961	0.000036847
11735	 0.23845E-03	-0.93393E-04	-0.000028806	 0.11496E-03	-0.000016683	-0.00010069
11736	-0.18368E-03	 0.75556E-04	0.000014656	-0.88316E-04	2.4178E-06	0.000016309
11736	 0.24192E-03	-0.96075E-04	-0.000026748	 0.11500E-03	-0.000013357	-0.000082596
11737	-0.18344E-03	 0.76753E-04	0.000011915	-0.88179E-04	-5.1873E-07	-1.2122E-06
11737	 0.24293E-03	-0.97812E-04	-0.000024085	 0.11532E-03	-0.000010686	-0.000067053
11738	-0.18088E-03	 0.76975E-04	8.7711E-06	-0.88408E-04	-2.9204E-06	-0.000015456
11738	 0.24162E-03	-0.98351E-04	-0.000021414	 0.11639E-03	-8.6356E-06	-0.000054194
11739	-0.17633E-03	 0.76292E-04	5.5593E-06	-0.88171E-04	-4.8911E-06	-0.000026756
11739	 0.23838E-03	-0.97804E-04	-0.000019077	 0.11715E-03	-7.0283E-06	-0.000043884
11740	-0.17088E-03	 0.75268E-04	0.000002451	-0.86200E-04	-6.4173E-06	-0.000035639
11740	 0.23424E-03	-0.96805E-04	-0.00001717	 0.11572E-03	-5.6984E-06	-0.00003594
11741	-0.16591E-03	 0.74453E-04	-2.6155E-07	-0.82397E-04	-7.4616E-06	-0.000042635
11741	 0.23053E-03	-0.96069E-04	-0.000015624	 0.11174E-03	-4.5857E-06	-0.000029994
11742	-0.16214E-03	 0.74010E-04	-0.000002511	-0.78469E-04	-8.1426E-06	-0.000048104
11742	 0.22794E-03	-0.95789E-04	-0.000014333	 0.10735E-03	-3.7075E-06	-0.000025457
11743	-0.15927E-03	 0.73691E-04	-4.3768E-06	-0.76123E-04	-8.6848E-06	-0.000052265
11743	 0.22609E-03	-0.95575E-04	-0.000013312	 0.10489E-03	-3.0515E-06	-0.000021734
11744	-0.15646E-03	 0.73122E-04	-0.000005959	-0.75514E-04	-9.2283E-06	-0.00005533
11744	 0.22406E-03	-0.94957E-04	-0.000012555	 0.10471E-03	-2.5495E-06	-0.000018444
11745	-0.15299E-03	 0.72086E-04	-0.000007359	-0.75527E-04	-0.000009755	-0.000057541
11745	 0.22122E-03	-0.93754E-04	-0.000012028	 0.10548E-03	-2.1298E-06	-0.000015478
11746	-0.14885E-03	 0.70686E-04	-8.5458E-06	-0.74751E-04	-0.000010148	-0.000059184
11746	 0.21768E-03	-0.92198E-04	-0.000011675	 0.10530E-03	-1.7408E-06	-0.000012837
11747	-0.14474E-03	 0.69342E-04	-0.000009587	-0.72701E-04	-0.000010312	-0.000060393
11747	 0.21415E-03	-0.90746E-04	-0.000011447	 0.10333E-03	-1.3809E-06	-0.000010602
11748	-0.14141E-03	 0.68374E-04	-0.00001049	-0.69934E-04	-0.000010268	-0.00006125
11748	 0.21140E-03	-0.89729E-04	-0.00001131	 0.10017E-03	-1.0527E-06	-8.6803E-06
11749	-0.13922E-03	 0.67885E-04	-0.000011254	-0.67355E-04	-0.000010109	-0.000061754
11749	 0.20974E-03	-0.89225E-04	-0.000011216	 0.97023E-04	-7.4754E-07	-6.8833E-06
11750	-0.13797E-03	 0.67726E-04	-0.000011949	-0.65868E-04	-9.9721E-06	-0.000061832
11750	 0.20888E-03	-0.88972E-04	-0.000011188	 0.95186E-04	-4.536E-07	-5.0413E-06
11751	-0.13670E-03	 0.67395E-04	-0.000012558	-0.65900E-04	-9.9855E-06	-0.000061476
11751	 0.20786E-03	-0.88450E-04	-0.000011184	 0.95491E-04	-1.4628E-07	-2.9943E-06
11752	-0.13427E-03	 0.66367E-04	-0.000013087	-0.66943E-04	-0.000010163	-0.000060734
11752	 0.20551E-03	-0.87135E-04	-0.000011181	 0.97476E-04	1.9628E-07	-7.2742E-07
11753	-0.12998E-03	 0.64417E-04	-0.000013562	-0.67721E-04	-0.000010391	-0.000059713
11753	 0.20116E-03	-0.84826E-04	-0.000011175	 0.99477E-04	5.744E-07	0.000001625
11754	-0.12379E-03	 0.61609E-04	-0.000013951	-0.67105E-04	-0.000010546	-0.000058571
11754	 0.19484E-03	-0.81696E-04	-0.000011127	 0.99953E-04	9.6647E-07	3.9122E-06
11755	-0.11622E-03	 0.58251E-04	-0.000014282	-0.64723E-04	-0.00001056	-0.00005742
11755	 0.18717E-03	-0.78098E-04	-0.00001105	 0.98266E-04	1.3328E-06	5.9878E-06
11756	-0.10805E-03	 0.54705E-04	-0.000014567	-0.60886E-04	-0.000010421	-0.000056326
11756	 0.17893E-03	-0.74408E-04	-0.000010952	 0.94628E-04	1.6408E-06	7.7697E-06
11757	-0.99890E-04	 0.51211E-04	-0.000014819	-0.56363E-04	-0.000010187	-0.000055297
11757	 0.17072E-03	-0.70838E-04	-0.000010843	 0.89967E-04	1.8831E-06	9.2531E-06
11758	-0.91989E-04	 0.47829E-04	-0.000015041	-0.51883E-04	-9.9431E-06	-0.000054312
11758	 0.16274E-03	-0.67388E-04	-0.000010723	 0.85263E-04	2.0749E-06	0.000010475
11759	-0.84263E-04	 0.44499E-04	-0.000015255	-0.47725E-04	-9.7407E-06	-0.000053337
11759	 0.15485E-03	-0.63943E-04	-0.000010602	 0.80969E-04	2.2332E-06	0.000011468
11760	-0.76457E-04	 0.41098E-04	-0.000015433	-0.43727E-04	-9.5832E-06	-0.000052376
11760	 0.14682E-03	-0.60416E-04	-0.000010463	 0.76970E-04	2.3704E-06	0.000012288
11761	-0.68506E-04	 0.37624E-04	-0.000015581	-0.39584E-04	-9.4198E-06	-0.000051441
11761	 0.13866E-03	-0.56843E-04	-0.00001031	 0.72800E-04	2.4794E-06	0.00001296
11762	-0.60686E-04	 0.34223E-04	-0.000015711	-0.35252E-04	-9.2025E-06	-0.000050534
11762	 0.13063E-03	-0.53376E-04	-0.000010151	 0.68221E-04	2.5472E-06	0.000013482
11763	-0.53257E-04	 0.31006E-04	-0.00001584	-0.31025E-04	-0.000008953	-0.000049637
11763	 0.12298E-03	-0.50099E-04	-9.9957E-06	 0.63602E-04	2.5822E-06	0.000013872
11764	-0.46166E-04	 0.27921E-04	-0.00001596	-0.27128E-04	-0.000008733	-0.000048727
11764	 0.11566E-03	-0.46935E-04	-9.8518E-06	 0.59415E-04	2.6108E-06	0.00001418
11765	-0.39125E-04	 0.24833E-04	-0.000016069	-0.23464E-04	-8.5688E-06	-0.000047785
11765	 0.10834E-03	-0.43735E-04	-9.7121E-06	 0.55678E-04	0.000002648	0.000014434
11766	-0.31926E-04	 0.21660E-04	-0.000016154	-0.19761E-04	-8.4235E-06	-0.000046818
11766	 0.10082E-03	-0.40435E-04	-0.000009559	 0.51971E-04	2.6853E-06	0.000014644
11767	-0.24582E-04	 0.18421E-04	-0.000016223	-0.15910E-04	-8.2581E-06	-0.000045838
11767	 0.93106E-04	-0.37067E-04	-9.3939E-06	 0.48025E-04	2.7087E-06	0.0000148
11768	-0.17210E-04	 0.15170E-04	-0.000016281	-0.11986E-04	-8.0677E-06	-0.000044848
11768	 0.85335E-04	-0.33692E-04	-0.000009223	 0.43897E-04	2.7168E-06	0.000014909
11769	-0.99164E-05	 0.11954E-04	-0.000016337	-0.80861E-05	-7.8578E-06	-0.00004385
11769	 0.77651E-04	-0.30359E-04	-9.0627E-06	 0.39716E-04	2.7133E-06	0.000014985
11770	-0.27474E-05	 0.87934E-05	-0.000016396	-0.42719E-05	-7.6481E-06	-0.000042835
11770	 0.70099E-04	-0.27074E-04	-8.9206E-06	 0.35630E-04	0.000002707	0.000015038
11771	 0.43441E-05	 0.56678E-05	-0.00001646	-0.52204E-06	-7.4506E-06	-0.000041796
11771	 0.62623E-04	-0.23807E-04	-8.7956E-06	 0.31668E-04	2.7034E-06	0.000015072
11772	 0.11449E-04	 0.25360E-05	-0.000016525	 0.32353E-05	-7.2619E-06	-0.000040733
11772	 0.55133E-04	-0.20520E-04	-8.6882E-06	 0.27748E-04	0.000002703	0.000015096
11773	 0.18640E-04	-0.63410E-06	-0.000016586	 0.70512E-05	-7.0759E-06	-0.000039651
11773	 0.47564E-04	-0.17190E-04	-0.000008597	 0.23799E-04	2.7054E-06	0.000015119
11774	 0.25888E-04	-0.38308E-05	-0.000016648	 0.10880E-04	-0.000006871	-0.000038555
11774	 0.39955E-04	-0.13840E-04	-8.5226E-06	 0.19766E-04	2.7012E-06	0.000015138
11775	 0.33023E-04	-0.69769E-05	-0.000016727	 0.14568E-04	-6.6326E-06	-0.000037447
11775	 0.32492E-04	-0.10551E-04	-8.4711E-06	 0.15731E-04	2.6827E-06	0.000015147
11776	 0.39895E-04	-0.99994E-05	-0.000016832	 0.18051E-04	-6.3853E-06	-0.000036324
11776	 0.25316E-04	-0.73700E-05	-8.4573E-06	 0.11860E-04	2.6595E-06	0.000015145
11777	 0.46597E-04	-0.12929E-04	-0.00001696	 0.21519E-04	-6.1713E-06	-0.000035182
11777	 0.18294E-04	-0.42334E-05	-8.4789E-06	 0.81569E-05	2.6516E-06	0.000015145
11778	 0.53443E-04	-0.15902E-04	-0.000017089	 0.25268E-04	-6.0058E-06	-0.000034022
11778	 0.11087E-04	-0.10023E-05	-8.5163E-06	 0.44038E-05	2.6674E-06	0.000015148
11779	 0.60712E-04	-0.19056E-04	-0.000017205	 0.29395E-04	-5.8574E-06	-0.000032854
11779	 0.34358E-05	 0.24168E-05	-8.5413E-06	 0.37205E-06	2.6925E-06	0.000015148
11780	 0.68476E-04	-0.22437E-04	-0.000017302	 0.33805E-04	-5.6947E-06	-0.00003169
11780	-0.47089E-05	 0.60424E-05	-8.5546E-06	-0.39996E-05	2.7123E-06	0.000015146
11781	 0.76675E-04	-0.26011E-04	-0.000017393	 0.38486E-04	-5.5249E-06	-0.000030536
11781	-0.13298E-04	 0.98596E-05	-8.5699E-06	-0.86838E-05	2.7309E-06	0.000015151
11782	 0.85380E-04	-0.29778E-04	-0.000017469	 0.43834E-04	-0.00000539	-0.00002939
11782	-0.22444E-04	 0.13903E-04	-8.5788E-06	-0.13853E-04	2.7684E-06	0.000015152
11783	 0.95018E-04	-0.33887E-04	-0.000017508	 0.50596E-04	-0.000005325	-0.000028245
11783	-0.32634E-04	 0.18338E-04	-8.5301E-06	-0.20043E-04	2.8454E-06	0.000015146
11784	 0.10614E-03	-0.38592E-04	-0.000017441	 0.59238E-04	-5.3077E-06	-0.000027098
11784	-0.44452E-04	 0.23388E-04	-8.4074E-06	-0.27813E-04	2.9588E-06	0.000015155
11785	 0.11904E-03	-0.44076E-04	-0.000017266	 0.69425E-04	-5.2669E-06	-0.000025938
11785	-0.58139E-04	 0.29154E-04	-0.00000818	-0.37190E-04	0.000003077	0.000015199
11786	 0.13362E-03	-0.50364E-04	-0.000016999	 0.80289E-04	-5.1418E-06	-0.000024739
11786	-0.73458E-04	 0.35593E-04	-7.8851E-06	-0.47607E-04	3.1656E-06	0.000015274
11787	 0.14930E-03	-0.57233E-04	-0.00001671	 0.90998E-04	-4.9263E-06	-0.000023487
11787	-0.89797E-04	 0.42499E-04	-7.5579E-06	-0.58292E-04	3.2192E-06	0.000015388
11788	 0.16544E-03	-0.64387E-04	-0.000016428	 0.10117E-03	-4.6491E-06	-0.000022179
11788	-0.10650E-03	 0.49642E-04	-7.2886E-06	-0.68732E-04	0.000003251	0.000015544
11789	 0.18163E-03	-0.71590E-04	-0.000016167	 0.11103E-03	-4.3491E-06	-0.000020822
11789	-0.12317E-03	 0.56825E-04	-7.0744E-06	-0.78920E-04	3.2795E-06	0.000015727
11790	 0.19775E-03	-0.78704E-04	-0.00001595	 0.12122E-03	-4.0588E-06	-0.000019428
11790	-0.13977E-03	 0.63983E-04	-6.9452E-06	-0.89343E-04	3.3243E-06	0.000015926
11791	 0.21399E-03	-0.85765E-04	-0.000015758	 0.13228E-03	-3.7873E-06	-0.000018012
11791	-0.15645E-03	 0.71147E-04	-6.8858E-06	-0.10045E-03	3.3912E-06	0.000016133
11792	 0.23061E-03	-0.92968E-04	-0.000015562	 0.14384E-03	-3.5138E-06	-0.000016581
11792	-0.17345E-03	 0.78440E-04	-6.8705E-06	-0.11198E-03	3.4615E-06	0.000016335
11793	 0.24769E-03	-0.10047E-03	-0.000015379	 0.15470E-03	-0.000003213	-0.000015141
11793	-0.19081E-03	 0.86011E-04	-6.9315E-06	-0.12300E-03	3.5063E-06	0.000016525
11794	 0.26493E-03	-0.10817E-03	-0.000015251	 0.16430E-03	-2.8932E-06	-0.000013715
11794	-0.20824E-03	 0.93787E-04	-7.1142E-06	-0.13299E-03	3.5187E-06	0.00001669
11795	 0.28194E-03	-0.11571E-03	-0.00001518	 0.17402E-03	-2.5964E-06	-0.000012348
11795	-0.22529E-03	 0.10143E-03	-7.4185E-06	-0.14298E-03	3.5282E-06	0.000016799
11796	 0.29865E-03	-0.12280E-03	-0.000015142	 0.18632E-03	-2.3572E-06	-0.000011075
11796	-0.24200E-03	 0.10871E-03	-7.8035E-06	-0.15506E-03	3.5741E-06	0.00001683
11797	 0.31565E-03	-0.12968E-03	-0.000015069	 0.20204E-03	-2.1632E-06	-9.8859E-06
11797	-0.25914E-03	 0.11589E-03	-8.2126E-06	-0.17016E-03	3.6539E-06	0.000016769
11798	 0.33385E-03	-0.13706E-03	-0.000014974	 0.21863E-03	-0.000001965	-0.000008738
11798	-0.27752E-03	 0.12359E-03	-8.6608E-06	-0.18624E-03	3.7064E-06	0.000016615
11799	 0.35359E-03	-0.14552E-03	-0.00001485	 0.23267E-03	-1.7316E-06	-7.6051E-06
11799	-0.29712E-03	 0.13217E-03	-9.1505E-06	-0.20011E-03	3.6734E-06	0.000016358
11800	 0.37403E-03	-0.15466E-03	-0.000014728	 0.24388E-03	-0.000001488	-6.5233E-06
11800	-0.31719E-03	 0.14131E-03	-9.6906E-06	-0.21150E-03	3.5697E-06	0.000015995
11801	 0.39406E-03	-0.16349E-03	-0.000014693	 0.25564E-03	-1.2771E-06	-5.5496E-06
11801	-0.33697E-03	 0.15030E-03	-0.000010372	-0.22342E-03	3.4511E-06	0.000015493
11802	 0.41354E-03	-0.17161E-03	-0.000014658	 0.27116E-03	-1.1236E-06	-4.7549E-06
11802	-0.35622E-03	 0.15868E-03	-0.000011092	-0.23861E-03	3.3483E-06	0.000014832
11803	 0.43340E-03	-0.17959E-03	-0.000014552	 0.28983E-03	-1.0219E-06	-4.1674E-06
11803	-0.37569E-03	 0.16683E-03	-0.000011787	-0.25653E-03	3.2366E-06	0.000014017
11804	 0.45441E-03	-0.18819E-03	-0.000014432	 0.30816E-03	-9.5273E-07	-3.7588E-06
11804	-0.39638E-03	 0.17563E-03	-0.000012515	-0.27432E-03	3.0674E-06	0.000013039
11805	 0.47650E-03	-0.19759E-03	-0.000014274	 0.32461E-03	-9.1823E-07	-3.5411E-06
11805	-0.41819E-03	 0.18518E-03	-0.000013265	-0.29057E-03	2.8317E-06	0.000011901
11806	 0.49892E-03	-0.20708E-03	-0.000014024	 0.34198E-03	-9.3925E-07	-3.5613E-06
11806	-0.44021E-03	 0.19473E-03	-0.000013953	-0.30756E-03	2.5608E-06	0.000010606
11807	 0.52104E-03	-0.21581E-03	-0.000013703	 0.36467E-03	-1.0335E-06	-3.8404E-06
11807	-0.46202E-03	 0.20356E-03	-0.000014602	-0.32941E-03	2.2808E-06	0.00000916
11808	 0.54317E-03	-0.22371E-03	-0.000013285	 0.39437E-03	-1.2006E-06	-4.3431E-06
11808	-0.48421E-03	 0.21172E-03	-0.000015196	-0.35790E-03	1.9836E-06	0.000007573
11809	 0.56657E-03	-0.23166E-03	-0.000012755	 0.42879E-03	-0.000001415	-4.9735E-06
11809	-0.50783E-03	 0.21997E-03	-0.000015727	-0.39097E-03	1.6375E-06	5.8528E-06
11810	 0.59223E-03	-0.24063E-03	-0.000012097	 0.46443E-03	-0.000001636	-5.6068E-06
11810	-0.53370E-03	 0.22909E-03	-0.000016164	-0.42537E-03	1.2205E-06	3.9985E-06
11811	 0.62024E-03	-0.25094E-03	-0.00001133	 0.49915E-03	-1.8286E-06	-6.1423E-06
11811	-0.56196E-03	 0.23948E-03	-0.00001656	-0.45920E-03	7.3448E-07	2.0167E-06
11812	 0.65020E-03	-0.26241E-03	-0.000010499	 0.53288E-03	-1.9754E-06	-6.5276E-06
11812	-0.59223E-03	 0.25093E-03	-0.000016862	-0.49233E-03	1.9303E-07	-7.7087E-08
11813	 0.68127E-03	-0.27441E-03	-9.4887E-06	 0.56753E-03	-2.0744E-06	-6.7367E-06
11813	-0.62381E-03	 0.26283E-03	-0.000016994	-0.52653E-03	-3.9332E-07	-2.2666E-06
11814	 0.71263E-03	-0.28603E-03	-8.4805E-06	 0.60570E-03	-2.1292E-06	-6.7566E-06
11814	-0.65597E-03	 0.27449E-03	-0.000017101	-0.56434E-03	-1.0222E-06	-4.5262E-06
11815	 0.74436E-03	-0.29705E-03	-0.000007465	 0.64926E-03	-2.1338E-06	-6.5657E-06
11815	-0.68829E-03	 0.28549E-03	-0.000017207	-0.60711E-03	-1.7001E-06	-6.8372E-06
11816	 0.77729E-03	-0.30813E-03	-6.3562E-06	 0.69668E-03	-2.0644E-06	-0.000006125
11816	-0.72149E-03	 0.29634E-03	-0.000017168	-0.65331E-03	-2.4272E-06	-9.1939E-06
11817	 0.81276E-03	-0.32073E-03	-5.4363E-06	 0.74218E-03	-1.8962E-06	-5.4213E-06
11817	-0.75737E-03	 0.30882E-03	-0.000017203	-0.69812E-03	-3.1736E-06	-0.000011584
11818	 0.85151E-03	-0.33605E-03	-4.5028E-06	 0.78125E-03	-1.6247E-06	-4.4632E-06
11818	-0.79660E-03	 0.32392E-03	-0.000017146	-0.73714E-03	-3.9025E-06	-0.000014002
11819	 0.89233E-03	-0.35330E-03	-3.4724E-06	 0.81520E-03	-1.2762E-06	-3.2966E-06
11819	-0.83766E-03	 0.34064E-03	-0.000016846	-0.77113E-03	-4.6012E-06	-0.000016419
11820	 0.93294E-03	-0.37033E-03	-2.4452E-06	 0.84990E-03	-8.989E-07	-2.0352E-06
11820	-0.87857E-03	 0.35713E-03	-0.000016446	-0.80583E-03	-0.000005281	-0.000018753
11821	 0.97190E-03	-0.38547E-03	-1.4442E-06	 0.89106E-03	-5.2863E-07	-7.9737E-07
11821	-0.91815E-03	 0.37185E-03	-0.000015872	-0.84683E-03	-5.9624E-06	-0.000020913
11822	 0.10094E-02	-0.39850E-03	-5.3376E-07	 0.94067E-03	-1.8372E-07	3.2618E-07
11822	-0.95637E-03	 0.38454E-03	-0.000015164	-0.89590E-03	-6.6446E-06	-0.00002283
11823	 0.10465E-02	-0.41012E-03	2.8076E-07	 0.99712E-03	1.2251E-07	1.2711E-06
11823	-0.99417E-03	 0.39592E-03	-0.000014408	-0.95160E-03	-7.2999E-06	-0.000024452
11824	 0.10843E-02	-0.42147E-03	8.8447E-07	 0.10571E-02	0.000000376	1.9961E-06
11824	-0.10328E-02	 0.40713E-03	-0.000013658	-0.10108E-02	-7.8851E-06	-0.000025752
11825	 0.11242E-02	-0.43379E-03	1.3988E-06	 0.11172E-02	5.6162E-07	2.4756E-06
11825	-0.10734E-02	 0.41925E-03	-0.000012827	-0.10703E-02	-8.3568E-06	-0.000026713
11826	 0.11661E-02	-0.44735E-03	1.8872E-06	 0.11760E-02	6.5418E-07	2.6526E-06
11826	-0.11162E-02	 0.43262E-03	-0.000011794	-0.11289E-02	-8.6811E-06	-0.000027282
11827	 0.12086E-02	-0.46078E-03	2.1609E-06	 0.12368E-02	6.2729E-07	2.4534E-06
11827	-0.11599E-02	 0.44611E-03	-0.000010862	-0.11899E-02	-0.000008859	-0.000027383
11828	 0.12500E-02	-0.47208E-03	2.4414E-06	 0.13063E-02	4.6483E-07	1.8337E-06
11828	-0.12021E-02	 0.45728E-03	-9.7466E-06	-0.12588E-02	-8.9184E-06	-0.000026959
11829	 0.12891E-02	-0.47980E-03	2.6265E-06	 0.13887E-02	1.3872E-07	7.6075E-07
11829	-0.12416E-02	 0.46483E-03	-8.6945E-06	-0.13397E-02	-8.8597E-06	-0.000025991
11830	 0.13259E-02	-0.48358E-03	2.5914E-06	 0.14842E-02	-3.7464E-07	-7.7765E-07
11830	-0.12788E-02	 0.46875E-03	-7.8544E-06	-0.14334E-02	-8.6676E-06	-0.000024506
11831	 0.13614E-02	-0.48442E-03	2.6411E-06	 0.15906E-02	-1.0781E-06	-2.7213E-06
11831	-0.13151E-02	 0.46987E-03	-6.9999E-06	-0.15381E-02	-8.3294E-06	-0.000022611
11832	 0.13977E-02	-0.48396E-03	2.5649E-06	 0.17038E-02	-1.9665E-06	-4.9897E-06
11832	-0.13522E-02	 0.46984E-03	-6.2899E-06	-0.16498E-02	-7.8335E-06	-0.000020439
11833	 0.14369E-02	-0.48415E-03	0.00000254	 0.18204E-02	-3.0129E-06	-7.5011E-06
11833	-0.13921E-02	 0.47041E-03	-5.6169E-06	-0.17649E-02	-0.000007198	-0.000018124
11834	 0.13688E-02	-0.44994E-03	2.0845E-06	 0.17900E-02	-4.0245E-06	-9.7973E-06
11834	-0.13439E-02	 0.44266E-03	-4.3578E-06	-0.17587E-02	-0.000006318	-0.000015443
11835	 0.82269E-03	-0.26577E-03	1.0362E-06	 0.10983E-02	-3.8167E-06	-9.1269E-06
11835	-0.95552E-03	 0.30837E-03	-0.000001953	-0.12790E-02	-4.4455E-06	-0.000010639
11836	 0.21136E-04	-0.69039E-05	-3.8045E-07	 0.26849E-04	-2.4589E-06	-5.8027E-06
11836	-0.38942E-03	 0.12362E-03	6.8639E-08	-0.52910E-03	-2.4131E-06	-5.6948E-06
11837	-0.32710E-03	 0.10305E-03	2.2377E-07	-0.44779E-03	-1.3584E-06	-3.1895E-06
11837	-0.20538E-03	 0.64598E-04	3.3068E-07	-0.28120E-03	-1.3368E-06	-3.1389E-06
11838	-0.32940E-03	 0.10385E-03	2.1238E-07	-0.45060E-03	-7.2307E-07	-1.6973E-06
11838	-0.32342E-03	 0.10201E-03	2.0136E-07	-0.44225E-03	-7.1958E-07	-1.6891E-06
11839	-0.38073E-03	 0.12135E-03	-2.2479E-07	-0.51564E-03	-3.5114E-07	-8.2931E-07
11839	-0.35839E-03	 0.11408E-03	-1.861E-07	-0.48606E-03	-3.3911E-07	-8.0076E-07
11840	-0.45979E-03	 0.14841E-03	-4.2913E-07	-0.61407E-03	-8.1016E-08	-1.922E-07
11840	-0.28442E-03	 0.91594E-04	-1.1172E-07	-0.38049E-03	-1.1633E-07	-2.7771E-07
11841	 0.69201E-05	-0.19554E-05	-2.5471E-07	 0.99555E-05	1.2018E-07	2.8945E-07
11841	-0.58848E-03	 0.19036E-03	3.5902E-07	-0.78167E-03	7.0197E-08	1.6874E-07
11842	 0.11359E-02	-0.35781E-03	-1.0649E-06	 0.15546E-02	2.7333E-07	6.4456E-07
11842	-0.13735E-02	 0.43499E-03	-4.9282E-08	-0.18715E-02	2.7492E-07	6.4774E-07
11843	 0.18541E-02	-0.56629E-03	-1.5716E-06	 0.26216E-02	3.2242E-07	7.3809E-07
11843	-0.18558E-02	 0.56806E-03	-9.4175E-07	-0.26244E-02	2.733E-07	6.3023E-07
11844	 0.18693E-02	-0.55001E-03	-1.8269E-06	 0.27399E-02	1.4595E-07	3.2513E-07
11844	-0.18434E-02	 0.54347E-03	-7.663E-07	-0.27032E-02	1.1918E-07	2.6798E-07
11845	 0.17443E-02	-0.50258E-03	-1.5024E-06	 0.26059E-02	-1.5147E-07	-3.3135E-07
11845	-0.17176E-02	 0.49590E-03	-9.7337E-07	-0.25672E-02	-6.1322E-09	-1.11E-08
11846	 0.16300E-02	-0.46623E-03	-1.4235E-06	 0.24506E-02	-4.6703E-07	-1.0129E-06
11846	-0.16034E-02	 0.45971E-03	-0.000001249	-0.24118E-02	-1.2556E-07	-2.7306E-07
11847	 0.15133E-02	-0.42716E-03	-8.3194E-07	 0.23016E-02	-8.0935E-07	-1.7319E-06
11847	-0.14871E-02	 0.42076E-03	-1.5685E-06	-0.22630E-02	-2.102E-07	-4.5687E-07
11848	 0.13868E-02	-0.37746E-03	-2.5072E-07	 0.21722E-02	-1.1124E-06	-2.3214E-06
11848	-0.13607E-02	 0.37113E-03	-1.6224E-06	-0.21322E-02	-3.2128E-07	-6.8183E-07
11849	 0.12533E-02	-0.32029E-03	7.0548E-07	 0.20551E-02	-1.3022E-06	-2.6187E-06
11849	-0.12275E-02	 0.31423E-03	-2.0034E-06	-0.20135E-02	-5.2456E-07	-1.0708E-06
11850	 0.11210E-02	-0.26304E-03	1.6703E-06	 0.19384E-02	-1.3498E-06	-2.6019E-06
11850	-0.10957E-02	 0.25752E-03	-0.000002609	-0.18953E-02	-8.3603E-07	-1.6348E-06
11851	 0.99657E-03	-0.21223E-03	2.7763E-06	 0.18140E-02	-1.2246E-06	-2.2703E-06
11851	-0.97197E-03	 0.20710E-03	-2.9707E-06	-0.17693E-02	-1.2785E-06	-2.3977E-06
11852	 0.88353E-03	-0.17121E-03	3.7115E-06	 0.16779E-02	-9.296E-07	-1.6708E-06
11852	-0.85943E-03	 0.16656E-03	-3.6142E-06	-0.16321E-02	-1.8491E-06	-0.000003352
11853	 0.78145E-03	-0.14032E-03	4.6208E-06	 0.15299E-02	-5.1363E-07	-9.0458E-07
11853	-0.75784E-03	 0.13598E-03	-0.000004209	-0.14835E-02	-2.5027E-06	-4.4302E-06
11854	 0.68819E-03	-0.11763E-03	5.6089E-06	 0.13732E-02	-8.6809E-09	-2.0074E-08
11854	-0.66493E-03	 0.11344E-03	-4.8492E-06	-0.13264E-02	-3.2071E-06	-5.5934E-06
11855	 0.60062E-03	-0.10006E-03	6.4088E-06	 0.12115E-02	5.7285E-07	9.7729E-07
11855	-0.57769E-03	 0.95967E-04	-5.4259E-06	-0.11648E-02	-3.9389E-06	-6.8121E-06
11856	 0.51576E-03	-0.85006E-04	7.2975E-06	 0.10474E-02	1.2204E-06	2.0798E-06
11856	-0.49323E-03	 0.80854E-04	-5.7893E-06	-0.10009E-02	-4.6656E-06	-0.000008028
11857	 0.43189E-03	-0.70795E-04	8.1301E-06	 0.88271E-03	1.9275E-06	3.2781E-06
11857	-0.40984E-03	 0.66577E-04	-6.0783E-06	-0.83656E-03	-5.3538E-06	-9.1737E-06
11858	 0.34854E-03	-0.56966E-04	8.9293E-06	 0.71780E-03	2.6902E-06	4.5636E-06
11858	-0.32709E-03	 0.52679E-04	-6.2518E-06	-0.67221E-03	-5.9725E-06	-0.00001019
11859	 0.26596E-03	-0.43692E-04	9.6759E-06	 0.55271E-03	3.5003E-06	5.9235E-06
11859	-0.24510E-03	 0.39309E-04	-6.3044E-06	-0.50764E-03	-6.4909E-06	-0.000011031
11860	 0.18445E-03	-0.31253E-04	0.000010309	 0.38708E-03	4.3391E-06	7.3405E-06
11860	-0.16414E-03	 0.26753E-04	-0.000006285	-0.34256E-03	-6.8736E-06	-0.00001166
11861	 0.10373E-03	-0.19437E-04	0.000010802	 0.22089E-03	5.1787E-06	8.7882E-06
11861	-0.83969E-04	 0.14755E-04	-6.0999E-06	-0.17710E-03	-0.000007076	-0.000012027
11862	 0.22764E-04	-0.75891E-05	0.000011357	 0.54315E-04	6.0312E-06	0.000010287
11862	-0.35556E-05	 0.26674E-05	-5.8924E-06	-0.11313E-04	-7.0883E-06	-0.000012101
11863	-0.58533E-04	 0.45303E-05	0.000011749	-0.11245E-03	6.9242E-06	0.000011845
11863	 0.77194E-04	-0.96546E-05	-5.5256E-06	 0.15480E-03	-6.9138E-06	-0.000011841
11864	-0.13860E-03	 0.15861E-04	0.000012008	-0.27920E-03	7.8551E-06	0.000013394
11864	 0.15672E-03	-0.21048E-04	-5.1449E-06	 0.32122E-03	-6.5353E-06	-0.000011174
11865	-0.21557E-03	 0.24776E-04	0.000011882	-0.44757E-03	8.8036E-06	0.000014845
11865	 0.23320E-03	-0.29769E-04	-4.7519E-06	 0.48956E-03	-5.9497E-06	-0.000010095
11866	-0.28788E-03	 0.29806E-04	0.000011395	-0.61864E-03	9.7266E-06	0.000016113
11866	 0.30525E-03	-0.34258E-04	-4.7272E-06	 0.66100E-03	-5.1957E-06	-8.7163E-06
11867	-0.35509E-03	 0.30721E-04	0.000010579	-0.79173E-03	0.000010509	0.000017062
11867	 0.37241E-03	-0.34394E-04	-4.9523E-06	 0.83469E-03	-4.3163E-06	-7.1764E-06
11868	-0.41878E-03	 0.29380E-04	9.1193E-06	-0.96466E-03	0.000011006	0.00001757
11868	 0.43634E-03	-0.32011E-04	-5.4751E-06	 0.10080E-02	-3.3824E-06	-5.6411E-06
11869	-0.48273E-03	 0.29169E-04	7.3992E-06	-0.11346E-02	0.000011083	0.000017561
11869	 0.50087E-03	-0.30781E-04	-6.1728E-06	 0.11783E-02	-2.4877E-06	-4.2684E-06
11870	-0.55083E-03	 0.33264E-04	5.5431E-06	-0.13003E-02	0.00001064	0.000016932
11870	 0.56980E-03	-0.34023E-04	-6.8576E-06	 0.13443E-02	-1.6684E-06	-3.0836E-06
11871	-0.62422E-03	 0.42358E-04	3.7082E-06	-0.14623E-02	9.6923E-06	0.000015658
11871	 0.64403E-03	-0.42423E-04	-7.5445E-06	 0.15059E-02	-9.4464E-07	-2.0736E-06
11872	-0.70200E-03	 0.55388E-04	1.9578E-06	-0.16215E-02	8.3296E-06	0.000013779
11872	 0.72253E-03	-0.54959E-04	-7.9281E-06	 0.16646E-02	-3.1119E-07	-1.2004E-06
11873	-0.78343E-03	 0.71427E-04	3.7135E-07	-0.17791E-02	6.6296E-06	0.000011346
11873	 0.80462E-03	-0.70664E-04	-8.0859E-06	 0.18217E-02	2.8563E-07	-3.6715E-07
11874	-0.86899E-03	 0.90722E-04	-9.6248E-07	-0.19350E-02	0.000004674	8.4516E-06
11874	 0.89066E-03	-0.89790E-04	-8.0454E-06	 0.19769E-02	9.0235E-07	5.2344E-07
11875	-0.95902E-03	 0.11351E-03	-2.0535E-06	-0.20891E-02	0.000002555	5.2085E-06
11875	 0.98086E-03	-0.11258E-03	-7.7303E-06	 0.21299E-02	1.5873E-06	1.5606E-06
11876	-0.10515E-02	 0.13800E-03	-2.9995E-06	-0.22426E-02	3.4752E-07	1.7039E-06
11876	 0.10734E-02	-0.13712E-03	-7.3218E-06	 0.22823E-02	2.4002E-06	2.8537E-06
11877	-0.11417E-02	 0.15950E-03	-3.6182E-06	-0.24003E-02	-1.8822E-06	-1.9494E-06
11877	 0.11635E-02	-0.15879E-03	-6.6128E-06	 0.24393E-02	3.3761E-06	4.4539E-06
11878	-0.12244E-02	 0.17261E-03	-0.000003977	-0.25687E-02	-4.1095E-06	-0.000005643
11878	 0.12459E-02	-0.17190E-03	-6.1912E-06	 0.26068E-02	0.000004532	6.3545E-06
11879	-0.12953E-02	 0.17408E-03	-4.4474E-06	-0.27492E-02	-6.2947E-06	-0.000009211
11879	 0.13164E-02	-0.17322E-03	-0.00000566	 0.27870E-02	0.000005816	8.4162E-06
11880	-0.13544E-02	 0.16393E-03	-4.3223E-06	-0.29401E-02	-8.4094E-06	-0.000012537
11880	 0.13748E-02	-0.16306E-03	-4.9507E-06	 0.29778E-02	7.1534E-06	0.000010479
11881	-0.14079E-02	 0.14847E-03	-4.6566E-06	-0.31359E-02	-0.000010413	-0.000015578
11881	 0.14278E-02	-0.14716E-03	-0.000004949	 0.31732E-02	8.4481E-06	0.000012413
11882	-0.14684E-02	 0.13969E-03	-4.0479E-06	-0.33233E-02	-0.000012142	-0.000018232
11882	 0.14879E-02	-0.13843E-03	-4.8195E-06	 0.33610E-02	9.5126E-06	0.000014039
11883	-0.15495E-02	 0.15183E-03	-3.6649E-06	-0.34899E-02	-0.00001338	-0.000020377
11883	 0.15688E-02	-0.15070E-03	-4.8886E-06	 0.35272E-02	0.000010125	0.000015165
11884	-0.16578E-02	 0.19079E-03	-3.4593E-06	-0.36306E-02	-0.000013998	-0.000021918
11884	 0.16767E-02	-0.18989E-03	-5.1311E-06	 0.36661E-02	0.000010164	0.000015657
11885	-0.17872E-02	 0.24966E-03	-2.3942E-06	-0.37503E-02	-0.00001396	-0.00002268
11885	 0.18062E-02	-0.24948E-03	-0.000005315	 0.37849E-02	9.5917E-06	0.00001533
11886	-0.19226E-02	 0.31338E-03	-1.6288E-06	-0.38650E-02	-0.000013357	-0.000022521
11886	 0.19418E-02	-0.31379E-03	-5.6351E-06	 0.38989E-02	8.4723E-06	0.000014046
11887	-0.20512E-02	 0.36986E-03	-8.0532E-07	-0.39862E-02	-0.000012324	-0.000021433
11887	 0.20702E-02	-0.37073E-03	-5.9723E-06	 0.40190E-02	6.9182E-06	0.00001182
11888	-0.21698E-02	 0.41689E-03	-2.1608E-07	-0.41162E-02	-0.000010884	-0.000019387
11888	 0.21890E-02	-0.41826E-03	-5.8623E-06	 0.41489E-02	4.9494E-06	8.6448E-06
11889	-0.22788E-02	 0.45576E-03	-1.968E-07	-0.42526E-02	-0.000008931	-0.000016195
11889	 0.22984E-02	-0.45778E-03	-4.7443E-06	 0.42862E-02	2.4673E-06	4.3517E-06
11890	-0.21991E-02	 0.44865E-03	-6.7849E-07	-0.40701E-02	-6.4957E-06	-0.000011916
11890	 0.22073E-02	-0.44885E-03	-3.1141E-06	 0.40831E-02	-2.5512E-07	-5.3016E-07
11891	-0.14422E-02	 0.29173E-03	-9.0256E-09	-0.26781E-02	-0.000003597	-6.5983E-06
11891	 0.13732E-02	-0.27758E-03	-1.6486E-06	 0.25473E-02	-1.7821E-06	-3.2805E-06
11892	-0.36165E-03	 0.71606E-04	1.0716E-06	-0.67551E-03	-1.5317E-06	-2.7535E-06
11892	 0.22555E-03	-0.46385E-04	-2.2146E-06	 0.41142E-03	-1.5556E-06	-2.7866E-06
11893	 0.44853E-04	-0.74414E-05	-5.3716E-07	 0.88505E-04	-7.9494E-07	-1.3731E-06
11893	-0.14883E-03	 0.24175E-04	-1.0951E-07	-0.29948E-03	-8.2264E-07	-1.4193E-06
11894	-0.12966E-04	 0.15780E-05	-1.3024E-07	-0.28291E-04	-3.1276E-07	-5.2295E-07
11894	-0.19291E-04	 0.31276E-05	-3.8005E-07	-0.39614E-04	-3.3061E-07	-5.5144E-07
11895	 0.43279E-04	-0.42448E-05	-3.6509E-07	 0.96542E-04	-3.8561E-08	-6.301E-08
11895	-0.12170E-04	 0.12984E-05	-5.1249E-07	-0.27990E-04	9.5019E-08	1.5161E-07
11896	 0.55294E-04	-0.55846E-05	-4.3586E-07	 0.12282E-03	2.539E-07	4.0949E-07
11896	 0.10256E-04	-0.82197E-06	-7.7159E-07	 0.22183E-04	3.3105E-07	5.3386E-07
11897	-0.47937E-03	 0.54797E-04	-1.3371E-07	-0.10495E-02	2.221E-07	3.5918E-07
11897	 0.54715E-03	-0.61637E-04	-1.3959E-06	 0.11981E-02	7.5591E-07	1.2287E-06
11898	-0.13242E-02	 0.16633E-03	-2.0445E-06	-0.28479E-02	-2.6253E-06	-4.3741E-06
11898	 0.13794E-02	-0.17245E-03	3.4802E-07	 0.29663E-02	3.6531E-06	6.0666E-06
11899	-0.16310E-02	 0.21860E-03	-3.5724E-06	-0.34599E-02	-7.4123E-06	-0.00001249
11899	 0.16804E-02	-0.22462E-03	2.0349E-06	 0.35634E-02	7.9834E-06	0.000013445
11900	-0.15053E-02	 0.19231E-03	1.8067E-06	-0.32174E-02	-0.000010467	-0.000017582
11900	 0.15535E-02	-0.19821E-03	-2.5458E-06	 0.33200E-02	0.000010444	0.000017554
11901	-0.13538E-02	 0.13785E-03	7.9376E-06	-0.30080E-02	-0.000011012	-0.000018093
11901	 0.13999E-02	-0.14263E-03	-7.8688E-06	 0.31106E-02	0.00001061	0.000017461
11902	-0.11873E-02	 0.70221E-04	0.000013786	-0.28035E-02	-9.3437E-06	-0.000014883
11902	 0.12307E-02	-0.73226E-04	-0.000012871	 0.29072E-02	8.7294E-06	0.000013955
11903	-0.10282E-02	 0.15819E-04	0.00001642	-0.25745E-02	-6.3418E-06	-9.8796E-06
11903	 0.10702E-02	-0.16157E-04	-0.000017917	 0.26790E-02	5.4581E-06	8.5907E-06
11904	-0.89362E-03	-0.85560E-05	0.000016882	-0.23081E-02	-2.7438E-06	-4.4015E-06
11904	 0.93542E-03	 0.10004E-04	-0.000020916	 0.24134E-02	1.3143E-06	2.3414E-06
11905	-0.78110E-03	-0.77375E-05	0.000015302	-0.20173E-02	7.1462E-07	6.7496E-07
11905	 0.82405E-03	 0.10070E-04	-0.000022184	 0.21231E-02	-2.9212E-06	-3.8732E-06
11906	-0.67529E-03	-0.10639E-07	0.000013296	-0.17214E-02	3.2089E-06	4.4094E-06
11906	 0.71901E-03	 0.23141E-05	-0.000021358	 0.18270E-02	-6.2152E-06	-8.8082E-06
11907	-0.56056E-03	-0.12161E-05	0.000011026	-0.14330E-02	4.7849E-06	6.7754E-06
11907	 0.60393E-03	 0.36359E-05	-0.000019028	 0.15381E-02	-8.5035E-06	-0.000012201
11908	-0.43444E-03	-0.12543E-04	8.9284E-06	-0.11485E-02	5.6332E-06	7.9048E-06
11908	 0.47585E-03	 0.15812E-04	-0.000016091	 0.12530E-02	-9.9659E-06	-0.000014083
11909	-0.30473E-03	-0.23684E-04	5.9387E-06	-0.85503E-03	5.8277E-06	7.9373E-06
11909	 0.34331E-03	 0.28785E-04	-0.000013131	 0.95810E-03	-0.000010689	-0.000014613
11910	-0.18158E-03	-0.24525E-04	2.7849E-06	-0.54435E-03	5.4202E-06	7.1313E-06
11910	 0.21731E-03	 0.31515E-04	-0.00001006	 0.64592E-03	-0.000010723	-0.000014132
11911	-0.68991E-04	-0.12202E-04	-4.1673E-08	-0.21795E-03	4.3881E-06	5.6156E-06
11911	 0.10260E-03	 0.20702E-04	-7.4696E-06	 0.31831E-03	-0.000010085	-0.000012907
11912	 0.34707E-04	 0.10200E-04	-2.1321E-06	 0.11825E-03	2.6047E-06	3.2652E-06
11912	-0.29089E-05	-0.65680E-06	-5.2417E-06	-0.19154E-04	-8.8392E-06	-0.000011048
11913	 0.13005E-03	 0.41861E-04	-3.1901E-06	 0.46272E-03	1.8728E-07	2.5411E-07
11913	-0.10067E-03	-0.31596E-04	-2.9721E-06	-0.36556E-03	-7.2448E-06	-8.8241E-06
11914	 0.17856E-03	 0.72545E-04	-2.1899E-06	 0.68412E-03	-1.4094E-06	-1.6447E-06
11914	-0.10097E-03	-0.37478E-04	-1.1673E-06	-0.38067E-03	-5.7184E-06	-0.000006707
11915	 0.12856E-03	 0.67726E-04	-8.5565E-07	 0.53918E-03	-1.8704E-06	-2.0904E-06
11915	-0.61827E-06	 0.52136E-05	-5.2827E-07	 0.12457E-04	-3.6372E-06	-4.0576E-06
11916	 0.31677E-04	 0.19483E-04	7.4683E-08	 0.14157E-03	-1.6775E-06	-1.7591E-06
11916	 0.30331E-04	 0.21457E-04	1.1046E-07	 0.14350E-03	-1.6466E-06	-1.7318E-06
11917	-0.42313E-04	-0.54591E-04	3.9515E-07	-0.26770E-03	-6.8183E-07	-6.8193E-07
11917	-0.18176E-04	-0.25859E-04	3.7519E-07	-0.12125E-03	-6.6556E-07	-6.6382E-07
11918	-0.63626E-04	-0.97613E-04	4.4765E-07	-0.44492E-03	4.8087E-07	4.3049E-07
11918	-0.66824E-04	-0.10970E-03	6.4271E-07	-0.48638E-03	3.9525E-07	3.5182E-07
11919	 0.21469E-04	 0.65516E-04	8.9389E-07	 0.23915E-03	0.000002089	1.8272E-06
11919	-0.12796E-03	-0.27450E-03	6.4397E-07	-0.11051E-02	2.0351E-06	1.7785E-06
11920	 0.13067E-03	 0.37583E-03	1.0491E-06	 0.13847E-02	4.1009E-06	3.4499E-06
11920	-0.16378E-03	-0.45287E-03	-1.6957E-06	-0.16881E-02	3.4268E-06	2.8877E-06
11921	 0.13337E-03	 0.51060E-03	0.000001386	 0.17475E-02	5.2951E-06	4.2628E-06
11921	-0.13120E-03	-0.50465E-03	-4.0248E-06	-0.17301E-02	3.5781E-06	2.8903E-06
11922	 0.75995E-04	 0.48446E-03	4.7488E-07	 0.14998E-02	5.5991E-06	4.2601E-06
11922	-0.74060E-04	-0.47812E-03	-4.0078E-06	-0.14837E-02	3.2412E-06	2.4814E-06
11923	 0.24723E-04	 0.45389E-03	-2.6928E-07	 0.12546E-02	5.7039E-06	4.0549E-06
11923	-0.23139E-04	-0.44703E-03	-3.8174E-06	-0.12393E-02	3.2457E-06	2.3225E-06
11924	-0.18447E-04	 0.41701E-03	-1.3114E-06	 0.10123E-02	5.7052E-06	3.7346E-06
11924	 0.19659E-04	-0.40924E-03	-3.4773E-06	-0.99726E-03	3.5048E-06	2.3003E-06
11925	-0.49860E-04	 0.37028E-03	-2.3566E-06	 0.77706E-03	5.7898E-06	3.4215E-06
11925	 0.50642E-04	-0.36124E-03	-3.3292E-06	-0.76205E-03	3.8219E-06	2.2665E-06
11926	-0.65606E-04	 0.30894E-03	-3.4164E-06	 0.55289E-03	5.8621E-06	3.0723E-06
11926	 0.65847E-04	-0.29835E-03	-3.2581E-06	-0.53796E-03	4.2609E-06	2.2368E-06
11927	-0.63765E-04	 0.23118E-03	-4.0872E-06	 0.34816E-03	5.9238E-06	0.000002693
11927	 0.63351E-04	-0.21874E-03	-3.6909E-06	-0.33345E-03	4.7856E-06	2.1777E-06
11928	-0.44143E-04	 0.13780E-03	-4.8388E-06	 0.17252E-03	6.0814E-06	2.3324E-06
11928	 0.42944E-04	-0.12324E-03	-4.0963E-06	-0.15839E-03	5.2447E-06	2.0123E-06
11929	-0.83701E-05	 0.30660E-04	-5.5212E-06	 0.34830E-04	0.000006215	1.9354E-06
11929	 0.62556E-05	-0.13770E-04	-4.5577E-06	-0.21783E-04	5.6952E-06	1.7732E-06
11930	 0.40202E-04	-0.86276E-04	-6.2302E-06	-0.56770E-04	6.4282E-06	1.5344E-06
11930	-0.43318E-04	 0.10562E-03	-4.9358E-06	 0.68054E-04	5.9672E-06	1.4206E-06
11931	 0.96945E-04	-0.20836E-03	-6.8432E-06	-0.97037E-04	6.5773E-06	0.000001089
11931	-0.10105E-03	 0.23014E-03	-5.3469E-06	 0.10575E-03	6.1378E-06	1.0115E-06
11932	 0.15623E-03	-0.32995E-03	-7.2543E-06	-0.83959E-04	0.00000663	6.1474E-07
11932	-0.16122E-03	 0.35397E-03	-5.8228E-06	 0.89261E-04	6.1772E-06	5.6565E-07
11933	 0.21173E-03	-0.44406E-03	-7.6017E-06	-0.18901E-04	6.5772E-06	1.3577E-07
11933	-0.21737E-03	 0.46996E-03	-6.2229E-06	 0.20012E-04	6.0576E-06	1.0791E-07
11934	 0.25747E-03	-0.54443E-03	-7.6694E-06	 0.92679E-04	6.3241E-06	-3.2542E-07
11934	-0.26348E-03	 0.57179E-03	-6.7409E-06	-0.96386E-04	5.8583E-06	-3.2553E-07
11935	 0.28863E-03	-0.62538E-03	-8.0156E-06	 0.24235E-03	5.7384E-06	-7.6618E-07
11935	-0.29466E-03	 0.65367E-03	-6.7342E-06	-0.25133E-03	5.7209E-06	-6.8534E-07
11936	 0.30149E-03	-0.68321E-03	-8.0158E-06	 0.41885E-03	5.1456E-06	-1.0238E-06
11936	-0.30726E-03	 0.71190E-03	-0.000006678	-0.43343E-03	5.3302E-06	-1.0727E-06
11937	 0.29556E-03	-0.71799E-03	-7.7975E-06	 0.60916E-03	4.5602E-06	-1.1724E-06
11937	-0.30069E-03	 0.74650E-03	-6.6164E-06	-0.62929E-03	4.6782E-06	-0.000001352
11938	 0.27139E-03	-0.73010E-03	-7.4247E-06	 0.80112E-03	3.5215E-06	-1.1844E-06
11938	-0.27550E-03	 0.75772E-03	-0.000006396	-0.82644E-03	4.3196E-06	-1.5317E-06
11939	 0.23057E-03	-0.72073E-03	-6.8788E-06	 0.98424E-03	2.4634E-06	-1.0105E-06
11939	-0.23340E-03	 0.74698E-03	-6.1294E-06	-0.10143E-02	0.000003894	-1.6545E-06
11940	 0.17673E-03	-0.69359E-03	-6.3587E-06	 0.11499E-02	1.3857E-06	-6.6467E-07
11940	-0.17808E-03	 0.71812E-03	-5.6958E-06	-0.11841E-02	3.4488E-06	-1.7102E-06
11941	 0.11457E-03	-0.65368E-03	-5.6279E-06	 0.12917E-02	3.2606E-07	-1.6429E-07
11941	-0.11446E-03	 0.67614E-03	-5.0242E-06	-0.13292E-02	3.0142E-06	-1.7095E-06
11942	 0.50336E-04	-0.60769E-03	-4.8843E-06	 0.14063E-02	-6.8777E-07	4.5006E-07
11942	-0.48740E-04	 0.62798E-03	-4.4751E-06	-0.14462E-02	2.6072E-06	-0.000001649
11943	-0.10457E-04	-0.56173E-03	-4.0087E-06	 0.14943E-02	-1.6266E-06	1.1388E-06
11943	 0.13286E-04	 0.57992E-03	-3.8304E-06	-0.15359E-02	2.2332E-06	-1.5438E-06
11944	-0.65168E-04	-0.51884E-03	-2.9434E-06	 0.15593E-02	-2.4614E-06	1.8496E-06
11944	 0.68871E-04	 0.53501E-03	-2.9807E-06	-0.16021E-02	1.8785E-06	-1.3979E-06
11945	-0.11454E-03	-0.47853E-03	-2.1003E-06	 0.16070E-02	-3.1884E-06	2.5526E-06
11945	 0.11905E-03	 0.49287E-03	-2.2977E-06	-0.16504E-02	1.5391E-06	-1.2231E-06
11946	-0.16307E-03	-0.43672E-03	-1.0479E-06	 0.16418E-02	-3.7834E-06	3.1998E-06
11946	 0.16824E-03	 0.44924E-03	-1.4037E-06	-0.16859E-02	1.2049E-06	-1.0039E-06
11947	-0.21520E-03	-0.38888E-03	-3.1115E-08	 0.16654E-02	-4.2769E-06	3.8022E-06
11947	 0.22116E-03	 0.39950E-03	-5.7799E-07	-0.17100E-02	9.2689E-07	-7.7056E-07
11948	-0.27107E-03	-0.33475E-03	8.8618E-07	 0.16763E-02	-4.6072E-06	4.3722E-06
11948	 0.27791E-03	 0.34329E-03	2.0862E-07	-0.17208E-02	6.5675E-07	-5.5653E-07
11949	-0.32538E-03	-0.27943E-03	1.8202E-06	 0.16726E-02	-4.7739E-06	4.8513E-06
11949	 0.33313E-03	 0.28594E-03	1.0402E-06	-0.17171E-02	3.9146E-07	-3.3642E-07
11950	-0.36855E-03	-0.23276E-03	2.7751E-06	 0.16566E-02	-4.8453E-06	5.1906E-06
11950	 0.37702E-03	 0.23754E-03	1.8836E-06	-0.17015E-02	1.8595E-07	-1.2653E-07
11951	-0.39401E-03	-0.20191E-03	0.000003528	 0.16350E-02	-0.000004822	5.3434E-06
11951	 0.40284E-03	 0.20547E-03	2.5643E-06	-0.16798E-02	1.193E-08	6.9939E-08
11952	-0.40508E-03	-0.18430E-03	0.000004349	 0.16117E-02	-4.7208E-06	5.3312E-06
11952	 0.41390E-03	 0.18695E-03	3.3498E-06	-0.16567E-02	-1.3902E-07	2.4401E-07
11953	-0.41355E-03	-0.16848E-03	5.0938E-06	 0.15861E-02	-4.5134E-06	5.1603E-06
11953	 0.42234E-03	 0.17029E-03	4.1104E-06	-0.16313E-02	-2.725E-07	4.2721E-07
11954	-0.42980E-03	-0.14406E-03	5.8082E-06	 0.15548E-02	-4.2115E-06	4.9359E-06
11954	 0.43865E-03	 0.14473E-03	4.8584E-06	-0.15994E-02	-3.8759E-07	5.9151E-07
11955	-0.45454E-03	-0.10972E-03	6.4471E-06	 0.15141E-02	-3.8235E-06	4.6756E-06
11955	 0.46372E-03	 0.10899E-03	0.000005524	-0.15577E-02	-4.9979E-07	7.4827E-07
11956	-0.47794E-03	-0.74866E-04	7.0399E-06	 0.14658E-02	-3.3992E-06	4.3365E-06
11956	 0.48763E-03	 0.72767E-04	6.1432E-06	-0.15087E-02	-5.7707E-07	8.8651E-07
11957	-0.48881E-03	-0.50961E-04	7.5157E-06	 0.14174E-02	-2.9808E-06	3.9133E-06
11957	 0.49875E-03	 0.47864E-04	0.000006689	-0.14596E-02	-6.1903E-07	9.7344E-07
11958	-0.48615E-03	-0.39451E-04	7.7982E-06	 0.13729E-02	-2.5597E-06	3.3937E-06
11958	 0.49610E-03	 0.35810E-04	7.1068E-06	-0.14147E-02	-6.4819E-07	1.0322E-06
11959	-0.48014E-03	-0.30737E-04	8.1724E-06	 0.13283E-02	-2.1572E-06	2.8793E-06
11959	 0.49006E-03	 0.26571E-04	7.6076E-06	-0.13699E-02	-6.3697E-07	1.0241E-06
11960	-0.48116E-03	-0.14241E-04	0.000008339	 0.12761E-02	-1.7313E-06	2.3488E-06
11960	 0.49133E-03	 0.94132E-05	7.9146E-06	-0.13171E-02	-6.2049E-07	1.0223E-06
11961	-0.48809E-03	 0.93244E-05	8.5632E-06	 0.12143E-02	-1.3223E-06	1.8368E-06
11961	 0.49866E-03	-0.15083E-04	8.1961E-06	-0.12541E-02	-5.6912E-07	9.8763E-07
11962	-0.48904E-03	 0.28327E-04	8.7042E-06	 0.11512E-02	-9.7049E-07	1.3686E-06
11962	 0.49991E-03	-0.34838E-04	0.000008387	-0.11899E-02	-4.5912E-07	8.4937E-07
11963	-0.47398E-03	 0.32364E-04	8.6192E-06	 0.10983E-02	-6.498E-07	8.9033E-07
11963	 0.48493E-03	-0.39026E-04	8.3998E-06	-0.11365E-02	-3.1784E-07	6.345E-07
11964	-0.44575E-03	 0.23232E-04	8.7765E-06	 0.10567E-02	-3.7138E-07	4.5487E-07
11964	 0.45639E-03	-0.29727E-04	8.5789E-06	-0.10953E-02	-1.2686E-07	3.2808E-07
11965	-0.41863E-03	 0.14857E-04	8.5189E-06	 0.10160E-02	-1.0739E-07	5.0844E-08
11965	 0.42921E-03	-0.20917E-04	8.3289E-06	-0.10550E-02	6.4978E-08	2.6229E-08
11966	-0.40456E-03	 0.19209E-04	8.5403E-06	 0.96441E-03	1.6057E-07	-3.5613E-07
11966	 0.41555E-03	-0.25457E-04	8.1865E-06	-0.10036E-02	1.8988E-07	-1.7304E-07
11967	-0.40136E-03	 0.35617E-04	8.3932E-06	 0.89844E-03	4.158E-07	-7.7403E-07
11967	 0.41348E-03	-0.42478E-04	7.8227E-06	-0.93739E-03	2.3618E-07	-2.6328E-07
11968	-0.39745E-03	 0.53018E-04	8.1662E-06	 0.82557E-03	6.3486E-07	-1.1754E-06
11968	 0.41063E-03	-0.60608E-04	0.000007521	-0.86358E-03	2.4691E-07	-3.0417E-07
11969	-0.38285E-03	 0.61281E-04	7.8121E-06	 0.75724E-03	8.1093E-07	-1.5135E-06
11969	 0.39685E-03	-0.69183E-04	7.0528E-06	-0.79456E-03	2.7504E-07	-3.732E-07
11970	-0.35767E-03	 0.59654E-04	7.5737E-06	 0.69775E-03	9.414E-07	-0.000001748
11970	 0.37212E-03	-0.67506E-04	6.6132E-06	-0.73504E-03	3.5373E-07	-5.2399E-07
11971	-0.32739E-03	 0.53027E-04	7.1833E-06	 0.64416E-03	0.000001031	-0.000001885
11971	 0.34203E-03	-0.60456E-04	6.0229E-06	-0.68156E-03	4.7908E-07	-7.4807E-07
11972	-0.29723E-03	 0.46204E-04	6.8895E-06	 0.59145E-03	1.0861E-06	-1.9576E-06
11972	 0.31194E-03	-0.53225E-04	5.4933E-06	-0.62888E-03	6.2603E-07	-1.0054E-06
11973	-0.26921E-03	 0.41382E-04	6.5847E-06	 0.53676E-03	1.1116E-06	-1.9915E-06
11973	 0.28417E-03	-0.48093E-04	4.9167E-06	-0.57419E-03	7.7267E-07	-1.2663E-06
11974	-0.24281E-03	 0.38205E-04	6.2914E-06	 0.48004E-03	1.1204E-06	-2.0118E-06
11974	 0.25809E-03	-0.44710E-04	4.2966E-06	-0.51723E-03	9.023E-07	-1.5083E-06
11975	-0.21712E-03	 0.35991E-04	6.0105E-06	 0.42147E-03	1.1266E-06	-2.0426E-06
11975	 0.23279E-03	-0.42387E-04	0.000003639	-0.45818E-03	1.0032E-06	-1.7149E-06
11976	-0.19116E-03	 0.34023E-04	5.7322E-06	 0.36114E-03	1.1334E-06	-2.0886E-06
11976	 0.20729E-03	-0.40385E-04	2.9376E-06	-0.39715E-03	1.0771E-06	-0.000001891
11977	-0.16395E-03	 0.31587E-04	5.3964E-06	 0.29927E-03	1.1399E-06	-0.000002147
11977	 0.18063E-03	-0.37948E-04	2.1877E-06	-0.33444E-03	1.1303E-06	-0.000002047
11978	-0.13456E-03	 0.27815E-04	5.0343E-06	 0.23674E-03	1.1521E-06	-2.2214E-06
11978	 0.15178E-03	-0.34157E-04	1.4018E-06	-0.27101E-03	1.1668E-06	-2.1816E-06
11979	-0.10250E-03	 0.22121E-04	4.6307E-06	 0.17481E-03	1.1742E-06	-2.3053E-06
11979	 0.12020E-03	-0.28298E-04	5.0411E-07	-0.20823E-03	1.1969E-06	-2.2974E-06
11980	-0.68152E-04	 0.14712E-04	4.1801E-06	 0.11382E-03	1.2078E-06	-2.3895E-06
11980	 0.86227E-04	-0.20564E-04	-3.8973E-07	-0.14664E-03	1.2301E-06	-2.3982E-06
11981	-0.32619E-04	 0.63907E-05	3.7538E-06	 0.53336E-04	1.2538E-06	-2.4736E-06
11981	 0.50952E-04	-0.11787E-04	-1.2922E-06	-0.85837E-04	0.000001267	-0.000002482
11982	 0.28517E-05	-0.19669E-05	3.3331E-06	-0.68371E-05	1.3124E-06	-0.000002567
11982	 0.15641E-04	-0.29076E-05	-0.000002152	-0.25454E-04	1.3006E-06	-2.5438E-06
11983	 0.37870E-04	-0.10111E-04	3.0261E-06	-0.66923E-04	1.3648E-06	-2.6486E-06
11983	-0.19279E-04	 0.57206E-05	-3.0064E-06	 0.34902E-04	1.3389E-06	-2.6153E-06
11984	 0.72932E-04	-0.18312E-04	2.7225E-06	-0.12690E-03	1.3909E-06	-2.6928E-06
11984	-0.54209E-04	 0.14314E-04	-3.7912E-06	 0.95277E-04	1.3939E-06	-2.7331E-06
11985	 0.10874E-03	-0.27136E-04	2.4636E-06	-0.18639E-03	1.3817E-06	-2.6868E-06
11985	-0.89793E-04	 0.23421E-04	-4.5642E-06	 0.15526E-03	1.4733E-06	-2.9193E-06
11986	 0.14604E-03	-0.37156E-04	2.2095E-06	-0.24494E-03	1.3378E-06	-2.6311E-06
11986	-0.12679E-03	 0.33640E-04	-5.3519E-06	 0.21444E-03	1.5779E-06	-0.000003182
11987	 0.18547E-03	-0.48764E-04	0.000001941	-0.30244E-03	1.2726E-06	-0.000002545
11987	-0.16585E-03	 0.45413E-04	-6.1982E-06	 0.27272E-03	1.6987E-06	-0.000003506
11988	 0.22725E-03	-0.62045E-04	1.6291E-06	-0.35894E-03	0.000001202	-2.4515E-06
11988	-0.20724E-03	 0.58865E-04	-0.000007085	 0.33011E-03	1.8246E-06	-3.8678E-06
11989	 0.27112E-03	-0.76700E-04	1.2531E-06	-0.41484E-03	1.1502E-06	-2.3928E-06
11989	-0.25067E-03	 0.73756E-04	-8.0757E-06	 0.38690E-03	1.9375E-06	-4.2199E-06
11990	 0.31642E-03	-0.92145E-04	8.4985E-07	-0.47092E-03	1.1404E-06	-0.000002414
11990	-0.29553E-03	 0.89512E-04	-9.1481E-06	 0.44378E-03	2.0187E-06	-4.5058E-06
11991	 0.36238E-03	-0.10766E-03	3.7841E-07	-0.52819E-03	1.1877E-06	-2.5479E-06
11991	-0.34103E-03	 0.10544E-03	-0.000010288	 0.50169E-03	2.0543E-06	-4.6758E-06
11992	 0.40814E-03	-0.12252E-03	-1.239E-07	-0.58775E-03	1.2975E-06	-2.8064E-06
11992	-0.38634E-03	 0.12078E-03	-0.000011443	 0.56167E-03	2.0364E-06	-4.6963E-06
11993	 0.45304E-03	-0.13629E-03	-6.0418E-07	-0.64995E-03	1.4602E-06	-3.1676E-06
11993	-0.43082E-03	 0.13506E-03	-0.000012535	 0.62409E-03	1.9672E-06	-4.5694E-06
11994	 0.49733E-03	-0.14936E-03	-1.0651E-06	-0.71367E-03	1.6468E-06	-3.5736E-06
11994	-0.47473E-03	 0.14866E-03	-0.000013597	 0.68794E-03	1.8598E-06	-4.3398E-06
11995	 0.54238E-03	-0.16311E-03	-1.4575E-06	-0.77662E-03	0.000001813	-0.000003942
11995	-0.51932E-03	 0.16280E-03	-0.000014534	 0.75090E-03	1.7352E-06	-4.0788E-06
11996	 0.58975E-03	-0.17894E-03	-1.8403E-06	-0.83643E-03	1.9197E-06	-4.2033E-06
11996	-0.56617E-03	 0.17893E-03	-0.000015373	 0.81076E-03	1.6111E-06	-3.8405E-06
11997	 0.63954E-03	-0.19688E-03	-2.2399E-06	-0.89308E-03	1.9397E-06	-4.2916E-06
11997	-0.61546E-03	 0.19716E-03	-0.000016212	 0.86765E-03	1.5074E-06	-0.000003663
11998	 0.68941E-03	-0.21458E-03	-2.6558E-06	-0.95097E-03	1.8851E-06	-4.1977E-06
11998	-0.66480E-03	 0.21516E-03	-0.000017055	 0.92568E-03	1.4239E-06	-3.5189E-06
11999	 0.73732E-03	-0.23008E-03	-2.9949E-06	-0.10139E-02	1.7512E-06	-3.8844E-06
11999	-0.71201E-03	 0.23089E-03	-0.00001783	 0.98819E-03	1.3778E-06	-3.4338E-06
12000	 0.78655E-03	-0.24691E-03	-3.0737E-06	-0.10748E-02	1.4906E-06	-3.2779E-06
12000	-0.76066E-03	 0.24775E-03	-0.000018346	 0.10488E-02	1.4037E-06	-3.5251E-06
12001	 0.84422E-03	-0.27172E-03	-3.2414E-06	-0.11210E-02	1.0934E-06	-2.3826E-06
12001	-0.81785E-03	 0.27252E-03	-0.000018803	 0.10953E-02	1.4919E-06	-3.8381E-06
12002	 0.91331E-03	-0.30738E-03	-3.1877E-06	-0.11460E-02	6.0056E-07	-1.2316E-06
12002	-0.88634E-03	 0.30795E-03	-0.000019448	 0.11212E-02	1.6072E-06	-4.3393E-06
12003	 0.98758E-03	-0.34707E-03	-3.5035E-06	-0.11623E-02	1.1691E-07	1.1509E-08
12003	-0.95970E-03	 0.34763E-03	-0.000020532	 0.11384E-02	1.6719E-06	-4.7853E-06
12004	 0.10559E-02	-0.37947E-03	-3.9528E-06	-0.11966E-02	-2.7251E-07	1.1108E-06
12004	-0.10271E-02	 0.38034E-03	-0.000021903	 0.11734E-02	1.6109E-06	-4.8142E-06
12005	 0.11136E-02	-0.40072E-03	-4.4451E-06	-0.12585E-02	-5.7126E-07	1.9744E-06
12005	-0.10840E-02	 0.40201E-03	-0.000023091	 0.12350E-02	0.000001408	-0.00000431
12006	 0.11682E-02	-0.41909E-03	-4.5853E-06	-0.13276E-02	-8.0777E-07	2.6592E-06
12006	-0.11379E-02	 0.42058E-03	-0.000023947	 0.13035E-02	0.000001081	-3.4289E-06
12007	 0.12308E-02	-0.44563E-03	-4.3418E-06	-0.13775E-02	-1.0008E-06	3.2806E-06
12007	-0.12003E-02	 0.44701E-03	-0.000024316	 0.13535E-02	6.781E-07	-2.3866E-06
12008	 0.13039E-02	-0.48206E-03	-4.2547E-06	-0.14034E-02	-1.1519E-06	3.8767E-06
12008	-0.12733E-02	 0.48350E-03	-0.000024947	 0.13805E-02	2.375E-07	-1.2356E-06
12009	 0.13782E-02	-0.51907E-03	-4.2056E-06	-0.14287E-02	-1.2675E-06	4.3956E-06
12009	-0.13473E-02	 0.52055E-03	-0.000025721	 0.14065E-02	-2.6034E-07	1.6253E-07
12010	 0.14452E-02	-0.54789E-03	-4.3278E-06	-0.14770E-02	-1.3735E-06	4.8118E-06
12010	-0.14134E-02	 0.54932E-03	-0.000026342	 0.14545E-02	-8.5675E-07	1.9204E-06
12011	 0.15070E-02	-0.57135E-03	-4.2495E-06	-0.15408E-02	-1.4761E-06	5.1577E-06
12011	-0.14748E-02	 0.57268E-03	-0.000026554	 0.15179E-02	-1.5468E-06	3.9708E-06
12012	 0.15715E-02	-0.59767E-03	-3.9306E-06	-0.15969E-02	-1.5795E-06	5.5327E-06
12012	-0.15395E-02	 0.59888E-03	-0.000026461	 0.15743E-02	-2.2471E-06	6.1024E-06
12013	 0.16444E-02	-0.63205E-03	-3.4716E-06	-0.16324E-02	-1.6861E-06	6.0071E-06
12013	-0.16125E-02	 0.63278E-03	-0.000025992	 0.16100E-02	-2.8741E-06	8.1701E-06
12014	 0.17248E-02	-0.67325E-03	-2.9442E-06	-0.16497E-02	-1.7988E-06	6.5922E-06
12014	-0.16927E-02	 0.67331E-03	-0.000025429	 0.16276E-02	-3.4002E-06	0.000010134
12015	 0.18073E-02	-0.71617E-03	-2.5863E-06	-0.16613E-02	-1.9249E-06	7.2614E-06
12015	-0.17755E-02	 0.71582E-03	-0.000024943	 0.16401E-02	-3.8504E-06	0.000012009
12016	 0.18904E-02	-0.75898E-03	-2.1452E-06	-0.16735E-02	-2.0581E-06	7.9731E-06
12016	-0.18591E-02	 0.75829E-03	-0.000024355	 0.16533E-02	-4.2485E-06	0.000013815
12017	 0.19766E-02	-0.80414E-03	-1.6455E-06	-0.16789E-02	-2.1725E-06	8.6841E-06
12017	-0.19456E-02	 0.80293E-03	-0.000023638	 0.16595E-02	-4.5797E-06	0.000015561
12018	 0.20678E-02	-0.85356E-03	-0.000001217	-0.16697E-02	-2.2498E-06	9.3723E-06
12018	-0.20373E-02	 0.85182E-03	-0.000022776	 0.16513E-02	-4.8158E-06	0.000017229
12019	 0.21623E-02	-0.90546E-03	-9.3852E-07	-0.16502E-02	-2.2911E-06	0.000010009
12019	-0.21327E-02	 0.90348E-03	-0.000022005	 0.16332E-02	-4.9714E-06	0.000018821
12020	 0.22563E-02	-0.95613E-03	-7.0977E-07	-0.16340E-02	-2.3144E-06	0.000010563
12020	-0.22277E-02	 0.95397E-03	-0.000021165	 0.16184E-02	-5.0969E-06	0.00002035
12021	 0.23485E-02	-0.10043E-02	-4.8795E-07	-0.16271E-02	-2.3319E-06	0.000011028
12021	-0.23207E-02	 0.10019E-02	-0.000020194	 0.16125E-02	-5.2116E-06	0.000021788
12022	 0.24415E-02	-0.10528E-02	-3.0502E-07	-0.16176E-02	-2.3295E-06	0.000011415
12022	-0.24150E-02	 0.10502E-02	-0.000019044	 0.16041E-02	-0.000005267	0.000023071
12023	 0.25385E-02	-0.11046E-02	-1.978E-07	-0.15916E-02	-2.2939E-06	0.000011761
12023	-0.25136E-02	 0.11021E-02	-0.00001773	 0.15796E-02	-5.2043E-06	0.000024123
12024	 0.26383E-02	-0.11586E-02	-2.8627E-07	-0.15537E-02	-2.2442E-06	0.000012116
12024	-0.26150E-02	 0.11561E-02	-0.000016396	 0.15431E-02	-5.0365E-06	0.000024891
12025	 0.27374E-02	-0.12112E-02	-4.8596E-07	-0.15206E-02	-2.2174E-06	0.000012536
12025	-0.27155E-02	 0.12086E-02	-0.000014898	 0.15111E-02	-4.8279E-06	0.000025352
12026	 0.28336E-02	-0.12605E-02	-7.6555E-07	-0.15018E-02	-2.2401E-06	0.000013096
12026	-0.28134E-02	 0.12581E-02	-0.000013317	 0.14935E-02	-4.6114E-06	0.000025466
12027	 0.29285E-02	-0.13083E-02	-0.000001206	-0.14891E-02	-2.3018E-06	0.000013838
12027	-0.29104E-02	 0.13062E-02	-0.000011713	 0.14819E-02	-4.3607E-06	0.000025201
12028	 0.30262E-02	-0.13586E-02	-1.4898E-06	-0.14609E-02	-2.3647E-06	0.000014789
12028	-0.30097E-02	 0.13564E-02	-9.9003E-06	 0.14547E-02	-4.0184E-06	0.000024547
12029	 0.31284E-02	-0.14130E-02	-0.000001862	-0.14033E-02	-2.3999E-06	0.000015982
12029	-0.31135E-02	 0.14109E-02	-8.0869E-06	 0.13981E-02	-0.000003568	0.000023522
12030	 0.32329E-02	-0.14697E-02	-2.3084E-06	-0.13234E-02	-2.4035E-06	0.000017393
12030	-0.32200E-02	 0.14679E-02	-6.4648E-06	 0.13193E-02	-0.00000307	0.000022237
12031	 0.33369E-02	-0.15258E-02	-2.5527E-06	-0.12382E-02	-2.3803E-06	0.000018895
12031	-0.33260E-02	 0.15242E-02	-4.8472E-06	 0.12350E-02	-2.6112E-06	0.000020915
12032	 0.34393E-02	-0.15802E-02	-2.6086E-06	-0.11551E-02	-2.3207E-06	0.000020298
12032	-0.34301E-02	 0.15788E-02	-3.3831E-06	 0.11526E-02	-0.00000224	0.000019841
12033	 0.35407E-02	-0.16338E-02	-2.4825E-06	-0.10669E-02	-2.1933E-06	0.000021372
12033	-0.35335E-02	 0.16326E-02	-0.000002089	 0.10652E-02	-1.9582E-06	0.000019307
12034	 0.33244E-02	-0.15400E-02	-1.9935E-06	-0.88786E-03	-1.9267E-06	0.000021297
12034	-0.33912E-02	 0.15724E-02	-9.1084E-07	 0.90451E-03	-1.6965E-06	0.000018903
12035	 0.18194E-02	-0.84518E-03	-3.8971E-07	-0.44135E-03	-1.3016E-06	0.000016175
12035	-0.24377E-02	 0.11336E-02	-8.8742E-07	 0.57857E-03	-1.1921E-06	0.000014895
12036	-0.22891E-03	 0.10650E-03	5.8146E-07	 0.45255E-04	-6.1703E-07	8.4358E-06
12036	-0.11071E-02	 0.51594E-03	-6.939E-07	 0.23951E-03	-6.1825E-07	8.4555E-06
12037	-0.94683E-03	 0.44104E-03	6.9789E-07	 0.19422E-03	-2.413E-07	3.4301E-06
12037	-0.64836E-03	 0.30204E-03	4.7861E-07	 0.13218E-03	-2.5198E-07	3.5785E-06
12038	-0.74828E-03	 0.34868E-03	9.0003E-07	 0.14532E-03	1.9465E-08	-3.6213E-07
12038	-0.73883E-03	 0.34429E-03	9.119E-07	 0.14293E-03	2.2705E-08	-4.0962E-07
12039	-0.54691E-03	 0.25470E-03	1.4826E-06	 0.99209E-04	2.8525E-07	-4.7376E-06
12039	-0.59962E-03	 0.27938E-03	1.3396E-06	 0.10887E-03	2.8595E-07	-4.7497E-06
12040	-0.38059E-03	 0.17707E-03	0.000001668	 0.64921E-04	6.4652E-07	-0.000011302
12040	-0.30153E-03	 0.14029E-03	1.2889E-06	 0.51974E-04	6.5027E-07	-0.000011367
12041	-0.20819E-03	 0.97900E-04	-1.2154E-06	 0.34331E-04	1.2298E-06	-0.000022219
12041	 0.35832E-04	-0.17533E-04	1.6432E-06	-0.56231E-05	1.2263E-06	-0.000022154
12042	-0.31061E-04	 0.19092E-04	-9.7377E-06	 0.55439E-05	1.7538E-06	-0.000032094
12042	 0.21152E-03	-0.10097E-03	4.3875E-06	-0.34255E-04	0.000001703	-0.000031166
12043	 0.52451E-04	-0.18118E-04	-0.000013656	-0.77858E-05	1.9337E-06	-0.000035202
12043	 0.22436E-03	-0.10535E-03	9.2869E-07	-0.36323E-04	1.8155E-06	-0.00003306
12044	 0.62048E-04	-0.21601E-04	-0.000015786	-0.94119E-05	0.000001969	-0.000035124
12044	 0.21707E-03	-0.99634E-04	-3.9331E-06	-0.35620E-04	1.8127E-06	-0.000032349
12045	 0.64149E-04	-0.22149E-04	-0.000016696	-0.99538E-05	1.9909E-06	-0.000034637
12045	 0.21602E-03	-0.97092E-04	-8.2416E-06	-0.36118E-04	0.000001845	-0.000032114
12046	 0.62317E-04	-0.21172E-04	-0.000016936	-0.98959E-05	1.9913E-06	-0.000033705
12046	 0.21807E-03	-0.96334E-04	-0.000011833	-0.37290E-04	1.9128E-06	-0.000032392
12047	 0.57223E-04	-0.18788E-04	-0.000016928	-0.92568E-05	1.9636E-06	-0.000032344
12047	 0.22311E-03	-0.97170E-04	-0.000015005	-0.39047E-04	2.0094E-06	-0.000033112
12048	 0.49737E-04	-0.15292E-04	-0.000016914	-0.80918E-05	0.0000019	-0.000030634
12048	 0.23064E-03	-0.99329E-04	-0.000017839	-0.41102E-04	2.1163E-06	-0.00003413
12049	 0.40718E-04	-0.11037E-04	-0.000017	-0.65286E-05	1.8028E-06	-0.000028679
12049	 0.23990E-03	-0.10243E-03	-0.000020409	-0.43218E-04	0.000002219	-0.000035301
12050	 0.30883E-04	-0.63378E-05	-0.000017228	-0.47270E-05	1.6811E-06	-0.000026576
12050	 0.25018E-03	-0.10612E-03	-0.000022754	-0.45262E-04	2.3098E-06	-0.000036497
12051	 0.20937E-04	-0.15221E-05	-0.000017597	-0.28501E-05	1.5399E-06	-0.000024406
12051	 0.26074E-03	-0.11004E-03	-0.000024924	-0.46982E-04	0.000002377	-0.000037625
12052	 0.11825E-04	 0.29545E-05	-0.000018073	-0.11167E-05	1.3805E-06	-0.000022239
12052	 0.27065E-03	-0.11372E-03	-0.000026977	-0.47920E-04	2.4031E-06	-0.000038615
12053	 0.45529E-05	 0.66182E-05	-0.000018644	 0.24098E-06	1.2147E-06	-0.000020122
12053	 0.27887E-03	-0.11667E-03	-0.000028966	-0.47984E-04	2.3908E-06	-0.000039429
12054	-0.66597E-06	 0.93548E-05	-0.00001928	 0.11847E-05	1.0657E-06	-0.000018083
12054	 0.28512E-03	-0.11870E-03	-0.000030937	-0.47907E-04	2.3779E-06	-0.000040049
12055	-0.49938E-05	 0.11691E-04	-0.000019949	 0.19803E-05	9.4792E-07	-0.000016131
12055	 0.29047E-03	-0.12030E-03	-0.000032857	-0.48722E-04	2.4058E-06	-0.000040478
12056	-0.10369E-04	 0.14505E-04	-0.000020601	 0.30388E-05	8.5829E-07	-0.000014279
12056	 0.29680E-03	-0.12235E-03	-0.000034715	-0.51051E-04	2.4881E-06	-0.000040729
12057	-0.18419E-04	 0.18528E-04	-0.000021175	 0.46970E-05	7.8097E-07	-0.00001255
12057	 0.30573E-03	-0.12562E-03	-0.000036469	-0.54658E-04	2.5965E-06	-0.000040814
12058	-0.29444E-04	 0.23899E-04	-0.000021668	 0.69738E-05	6.9842E-07	-0.00001096
12058	 0.31758E-03	-0.13033E-03	-0.000038114	-0.58487E-04	2.6768E-06	-0.000040763
12059	-0.41400E-04	 0.29683E-04	-0.000022094	 0.91647E-05	5.9649E-07	-9.5365E-06
12059	 0.33046E-03	-0.13563E-03	-0.000039671	-0.60234E-04	2.6469E-06	-0.000040593
12060	-0.49880E-04	 0.33880E-04	-0.000022551	 0.10021E-04	4.7468E-07	-8.2916E-06
12060	 0.34009E-03	-0.13951E-03	-0.000041279	-0.57524E-04	2.4505E-06	-0.000040313
12061	-0.50758E-04	 0.34617E-04	-0.000023178	 0.90893E-05	3.5657E-07	-7.1932E-06
12061	 0.34227E-03	-0.13990E-03	-0.000043032	-0.51271E-04	2.1609E-06	-0.000039922
12062	-0.43270E-04	 0.31529E-04	-0.000024012	 0.71330E-05	2.6591E-07	-6.1888E-06
12062	 0.33609E-03	-0.13624E-03	-0.000044974	-0.44877E-04	1.9133E-06	-0.000039406
12063	-0.30502E-04	 0.25992E-04	-0.000024936	 0.51204E-05	2.0854E-07	-5.2405E-06
12063	 0.32456E-03	-0.12992E-03	-0.000047036	-0.41224E-04	1.8004E-06	-0.000038751
12064	-0.17413E-04	 0.20277E-04	-0.000025826	 0.35143E-05	1.7332E-07	-4.3179E-06
12064	 0.31252E-03	-0.12331E-03	-0.000049044	-0.40950E-04	1.8263E-06	-0.000037972
12065	-0.76222E-05	 0.16033E-04	-0.00002656	 0.23536E-05	1.4143E-07	-3.4157E-06
12065	 0.30356E-03	-0.11820E-03	-0.000050841	-0.42271E-04	1.9002E-06	-0.000037105
12066	-0.16785E-05	 0.13525E-04	-0.000027149	 0.15921E-05	1.051E-07	-2.5768E-06
12066	 0.29833E-03	-0.11494E-03	-0.000052466	-0.43450E-04	1.9414E-06	-0.000036166
12067	 0.17260E-05	 0.12150E-04	-0.000027614	 0.11194E-05	6.6439E-08	-1.8213E-06
12067	 0.29560E-03	-0.11293E-03	-0.000053972	-0.43950E-04	1.9334E-06	-0.000035185
12068	 0.42649E-05	 0.11151E-04	-0.000028016	 0.74147E-06	2.9629E-08	-1.1623E-06
12068	 0.29376E-03	-0.11139E-03	-0.000055404	-0.43615E-04	1.8816E-06	-0.000034178
12069	 0.70239E-05	 0.10043E-04	-0.000028404	 0.32273E-06	-2.2972E-09	-6.0186E-07
12069	 0.29171E-03	-0.10979E-03	-0.000056808	-0.42913E-04	1.8145E-06	-0.000033153
12070	 0.96233E-05	 0.90091E-05	-0.000028792	-0.68179E-07	-2.9112E-08	-1.2931E-07
12070	 0.28972E-03	-0.10821E-03	-0.000058162	-0.42961E-04	1.7764E-06	-0.000032115
12071	 0.10595E-04	 0.86984E-05	-0.000029097	-0.21050E-06	-5.2573E-08	2.5928E-07
12071	 0.28920E-03	-0.10735E-03	-0.000059384	-0.44237E-04	1.7764E-06	-0.00003108
12072	 0.92150E-05	 0.94232E-05	-0.000029268	 0.26210E-07	-7.2538E-08	5.5306E-07
12072	 0.29093E-03	-0.10762E-03	-0.000060445	-0.45775E-04	1.7713E-06	-0.000030069
12073	 0.67767E-05	 0.10607E-04	-0.000029363	 0.43717E-06	-8.6651E-08	7.4538E-07
12073	 0.29373E-03	-0.10848E-03	-0.000061405	-0.46108E-04	0.000001716	-0.000029105
12074	 0.55164E-05	 0.11265E-04	-0.000029508	 0.63958E-06	-9.3297E-08	8.3608E-07
12074	 0.29542E-03	-0.10886E-03	-0.000062375	-0.44994E-04	1.6187E-06	-0.000028189
12075	 0.64794E-05	 0.10936E-04	-0.000029764	 0.48320E-06	-9.374E-08	8.3468E-07
12075	 0.29493E-03	-0.10818E-03	-0.000063412	-0.43536E-04	1.5248E-06	-0.000027302
12076	 0.85810E-05	 0.10094E-04	-0.000030065	 0.16215E-06	-9.0399E-08	7.4881E-07
12076	 0.29325E-03	-0.10690E-03	-0.000064472	-0.43202E-04	1.4762E-06	-0.000026428
12077	 0.94140E-05	 0.98088E-05	-0.000030288	 0.45654E-07	-8.4533E-08	5.8701E-07
12077	 0.29270E-03	-0.10615E-03	-0.000065424	-0.44548E-04	1.4768E-06	-0.000025569
12078	 0.73610E-05	 0.10804E-04	-0.000030364	 0.40625E-06	-7.5361E-08	3.5168E-07
12078	 0.29488E-03	-0.10676E-03	-0.000066182	-0.46726E-04	1.4904E-06	-0.000024759
12079	 0.27080E-05	 0.12952E-04	-0.00003031	 0.12260E-05	-6.1426E-08	3.1339E-08
12079	 0.29959E-03	-0.10865E-03	-0.000066774	-0.48719E-04	1.4875E-06	-0.000024026
12080	-0.35173E-05	 0.15804E-04	-0.000030191	 0.23404E-05	-4.2252E-08	-3.8085E-07
12080	 0.30587E-03	-0.11132E-03	-0.000067272	-0.50483E-04	1.4743E-06	-0.000023396
12081	-0.10996E-04	 0.19217E-04	-0.000030025	 0.37191E-05	-1.7505E-08	-8.8548E-07
12081	 0.31336E-03	-0.11460E-03	-0.000067693	-0.52609E-04	0.000001471	-0.000022881
12082	-0.19910E-04	 0.23265E-04	-0.000029786	 0.54061E-05	1.2875E-08	-1.4795E-06
12082	 0.32225E-03	-0.11856E-03	-0.000068018	-0.55158E-04	1.4797E-06	-0.000022502
12083	-0.29604E-04	 0.27639E-04	-0.000029461	 0.71675E-05	4.777E-08	-2.1721E-06
12083	 0.33197E-03	-0.12298E-03	-0.000068266	-0.57033E-04	1.4769E-06	-0.000022275
12084	-0.38194E-04	 0.31525E-04	-0.000029178	 0.84754E-05	8.3488E-08	-2.9565E-06
12084	 0.34067E-03	-0.12698E-03	-0.00006852	-0.56969E-04	1.4416E-06	-0.000022207
12085	-0.43307E-04	 0.33900E-04	-0.000029115	 0.88423E-05	1.1659E-07	-3.8181E-06
12085	 0.34596E-03	-0.12937E-03	-0.000068913	-0.54522E-04	1.3718E-06	-0.000022279
12086	-0.42864E-04	 0.33821E-04	-0.000029345	 0.80951E-05	1.4699E-07	-4.7647E-06
12086	 0.34585E-03	-0.12914E-03	-0.000069556	-0.50118E-04	1.2772E-06	-0.000022424
12087	-0.36469E-04	 0.31093E-04	-0.000029875	 0.65975E-05	1.8074E-07	-5.8001E-06
12087	 0.33997E-03	-0.12605E-03	-0.000070505	-0.45438E-04	1.1892E-06	-0.000022562
12088	-0.26030E-04	 0.26571E-04	-0.000030641	 0.49159E-05	2.2646E-07	-0.000006912
12088	 0.33014E-03	-0.12095E-03	-0.000071671	-0.42173E-04	1.1388E-06	-0.000022632
12089	-0.14421E-04	 0.21518E-04	-0.000031455	 0.33609E-05	2.907E-07	-8.1017E-06
12089	 0.31916E-03	-0.11523E-03	-0.000072885	-0.40857E-04	1.1336E-06	-0.0000226
12090	-0.44675E-05	 0.17185E-04	-0.000032159	 0.21055E-05	3.7602E-07	-9.3736E-06
12090	 0.30975E-03	-0.11026E-03	-0.000073985	-0.41342E-04	1.1672E-06	-0.000022467
12091	 0.21308E-05	 0.14343E-04	-0.000032686	 0.12487E-05	4.7212E-07	-0.000010709
12091	 0.30354E-03	-0.10688E-03	-0.000074873	-0.42549E-04	1.2098E-06	-0.00002229
12092	 0.59042E-05	 0.12754E-04	-0.000033065	 0.71832E-06	5.636E-07	-0.000012114
12092	 0.30007E-03	-0.10490E-03	-0.00007557	-0.43202E-04	1.2294E-06	-0.000022113
12093	 0.85294E-05	 0.11683E-04	-0.0000334	 0.32605E-06	6.4574E-07	-0.000013594
12093	 0.29778E-03	-0.10352E-03	-0.000076199	-0.42996E-04	0.000001223	-0.000021959
12094	 0.11185E-04	 0.10612E-04	-0.000033763	-0.74094E-07	7.2522E-07	-0.000015149
12094	 0.29548E-03	-0.10216E-03	-0.000076829	-0.42381E-04	1.2068E-06	-0.000021832
12095	 0.14194E-04	 0.93897E-05	-0.000034158	-0.52423E-06	8.0895E-07	-0.000016779
12095	 0.29285E-03	-0.10063E-03	-0.000077462	-0.41750E-04	1.1923E-06	-0.000021723
12096	 0.17518E-04	 0.80309E-05	-0.000034576	-0.10180E-05	8.9651E-07	-0.000018486
12096	 0.28992E-03	-0.98972E-04	-0.000078094	-0.41089E-04	1.1783E-06	-0.000021627
12097	 0.21209E-04	 0.65137E-05	-0.000035023	-0.15602E-05	9.8608E-07	-0.000020272
12097	 0.28665E-03	-0.97149E-04	-0.000078731	-0.40312E-04	1.1623E-06	-0.000021532
12098	 0.25107E-04	 0.49175E-05	-0.000035507	-0.21428E-05	1.0873E-06	-0.000022143
12098	 0.28317E-03	-0.95220E-04	-0.000079378	-0.39778E-04	1.1531E-06	-0.000021425
12099	 0.28177E-04	 0.37035E-05	-0.000035977	-0.26536E-05	1.2195E-06	-0.000024091
12099	 0.28045E-03	-0.93644E-04	-0.000079966	-0.40199E-04	1.1679E-06	-0.00002131
12100	 0.29040E-04	 0.34728E-05	-0.000036339	-0.28701E-05	0.000001379	-0.000026108
12100	 0.27980E-03	-0.93096E-04	-0.000080403	-0.41551E-04	1.2027E-06	-0.000021215
12101	 0.27682E-04	 0.42084E-05	-0.00003655	-0.27010E-05	1.5301E-06	-0.000028194
12101	 0.28137E-03	-0.93663E-04	-0.000080688	-0.42783E-04	1.2285E-06	-0.000021173
12102	 0.25722E-04	 0.51987E-05	-0.000036709	-0.23535E-05	1.6386E-06	-0.000030349
12102	 0.28362E-03	-0.94619E-04	-0.000080919	-0.42858E-04	1.2233E-06	-0.000021206
12103	 0.25204E-04	 0.55763E-05	-0.000037002	-0.21801E-05	1.7044E-06	-0.000032565
12103	 0.28457E-03	-0.94951E-04	-0.000081242	-0.41634E-04	1.1907E-06	-0.000021314
12104	 0.26746E-04	 0.50741E-05	-0.000037471	-0.23566E-05	1.7924E-06	-0.000034872
12104	 0.28354E-03	-0.94274E-04	-0.000081703	-0.40572E-04	1.1701E-06	-0.000021422
12105	 0.28009E-04	 0.47121E-05	-0.000037953	-0.26074E-05	1.9822E-06	-0.000037269
12105	 0.28266E-03	-0.93619E-04	-0.000082154	-0.41614E-04	1.2073E-06	-0.000021507
12106	 0.25632E-04	 0.59530E-05	-0.000038222	-0.23385E-05	2.2606E-06	-0.000039727
12106	 0.28518E-03	-0.94618E-04	-0.000082353	-0.44795E-04	1.2938E-06	-0.000021629
12107	 0.19008E-04	 0.90402E-05	-0.0000382	-0.12547E-05	2.5099E-06	-0.000042224
12107	 0.29181E-03	-0.97707E-04	-0.00008224	-0.47940E-04	1.3691E-06	-0.000021884
12108	 0.10955E-04	 0.12756E-04	-0.000038103	 0.17223E-06	2.6394E-06	-0.000044756
12108	 0.29998E-03	-0.10163E-03	-0.000082039	-0.49051E-04	1.3918E-06	-0.000022327
12109	 0.45171E-05	 0.15792E-04	-0.000038162	 0.12894E-05	2.7041E-06	-0.000047333
12109	 0.30671E-03	-0.10486E-03	-0.000081966	-0.48704E-04	1.3901E-06	-0.000022938
12110	-0.98445E-08	 0.18003E-04	-0.000038365	 0.20606E-05	2.8154E-06	-0.000049973
12110	 0.31155E-03	-0.10712E-03	-0.000082006	-0.48809E-04	1.4146E-06	-0.000023659
12111	-0.43868E-05	 0.20144E-04	-0.000038571	 0.28570E-05	3.0075E-06	-0.000052676
12111	 0.31619E-03	-0.10926E-03	-0.000082031	-0.50180E-04	1.4805E-06	-0.000024468
12112	-0.99551E-05	 0.22796E-04	-0.000038684	 0.38943E-05	3.2265E-06	-0.000055435
12112	 0.32194E-03	-0.11196E-03	-0.000081947	-0.52099E-04	1.5641E-06	-0.000025392
12113	-0.16167E-04	 0.25730E-04	-0.000038749	 0.49687E-05	3.3824E-06	-0.000058238
12113	 0.32836E-03	-0.11504E-03	-0.000081792	-0.53083E-04	1.6266E-06	-0.000026473
12114	-0.20996E-04	 0.28062E-04	-0.000038901	 0.56414E-05	0.00000344	-0.000061104
12114	 0.33354E-03	-0.11755E-03	-0.000081704	-0.52323E-04	0.000001649	-0.000027688
12115	-0.22786E-04	 0.29062E-04	-0.000039232	 0.57086E-05	3.4527E-06	-0.000064068
12115	 0.33582E-03	-0.11865E-03	-0.00008178	-0.50420E-04	1.6488E-06	-0.00002896
12116	-0.21401E-04	 0.28663E-04	-0.000039749	 0.53053E-05	3.4894E-06	-0.000067166
12116	 0.33503E-03	-0.11822E-03	-0.000082019	-0.48396E-04	1.6518E-06	-0.000030196
12117	-0.17686E-04	 0.27226E-04	-0.000040382	 0.46388E-05	3.5778E-06	-0.000070422
12117	 0.33194E-03	-0.11665E-03	-0.000082354	-0.46733E-04	1.6669E-06	-0.000031319
12118	-0.12583E-04	 0.25168E-04	-0.000041082	 0.38395E-05	3.7116E-06	-0.000073867
12118	 0.32748E-03	-0.11440E-03	-0.000082733	-0.45413E-04	1.6885E-06	-0.000032265
12119	-0.67835E-05	 0.22800E-04	-0.000041816	 0.29824E-05	3.8829E-06	-0.00007752
12119	 0.32234E-03	-0.11182E-03	-0.000083125	-0.44362E-04	1.7113E-06	-0.000033002
12120	-0.83854E-06	 0.20366E-04	-0.000042559	 0.21300E-05	4.0941E-06	-0.000081392
12120	 0.31703E-03	-0.10916E-03	-0.000083499	-0.43621E-04	0.000001735	-0.000033508
12121	 0.48081E-05	 0.18065E-04	-0.000043285	 0.13273E-05	4.3398E-06	-0.000085488
12121	 0.31199E-03	-0.10664E-03	-0.000083825	-0.43142E-04	1.7562E-06	-0.000033781
12122	 0.98817E-05	 0.16018E-04	-0.000043982	 0.60170E-06	4.6125E-06	-0.000089809
12122	 0.30749E-03	-0.10440E-03	-0.000084089	-0.42853E-04	1.7708E-06	-0.000033822
12123	 0.14127E-04	 0.14343E-04	-0.000044646	-0.11366E-07	4.9216E-06	-0.000094353
12123	 0.30378E-03	-0.10255E-03	-0.000084281	-0.42850E-04	1.7819E-06	-0.000033645
12124	 0.17179E-04	 0.13201E-04	-0.000045254	-0.45764E-06	5.2788E-06	-0.000099115
12124	 0.30120E-03	-0.10128E-03	-0.000084379	-0.43261E-04	1.7928E-06	-0.000033268
12125	 0.18512E-04	 0.12825E-04	-0.000045782	-0.65158E-06	5.7021E-06	-0.00010408
12125	 0.30028E-03	-0.10082E-03	-0.000084367	-0.44280E-04	1.8087E-06	-0.000032722
12126	 0.17520E-04	 0.13479E-04	-0.000046186	-0.47608E-06	6.2049E-06	-0.00010923
12126	 0.30161E-03	-0.10147E-03	-0.000084218	-0.46084E-04	1.8329E-06	-0.000032059
12127	 0.14057E-04	 0.15215E-04	-0.000046437	 0.12916E-06	6.7008E-06	-0.00011451
12127	 0.30530E-03	-0.10331E-03	-0.000083872	-0.48075E-04	1.8447E-06	-0.000031393
12128	 0.92116E-05	 0.17575E-04	-0.000046641	 0.98345E-06	7.0547E-06	-0.00011987
12128	 0.31030E-03	-0.10586E-03	-0.000083402	-0.49184E-04	1.8179E-06	-0.000030848
12129	 0.51836E-05	 0.19569E-04	-0.000046878	 0.16621E-05	7.2137E-06	-0.00012535
12129	 0.31450E-03	-0.10810E-03	-0.000082901	-0.48764E-04	1.7426E-06	-0.000030357
12130	 0.37483E-05	 0.20403E-04	-0.000047223	 0.18668E-05	0.000007267	-0.00013103
12130	 0.31620E-03	-0.10915E-03	-0.000082471	-0.47215E-04	1.6378E-06	-0.000029745
12131	 0.47243E-05	 0.20171E-04	-0.0000477	 0.17054E-05	7.4316E-06	-0.00013695
12131	 0.31549E-03	-0.10901E-03	-0.000082116	-0.46007E-04	1.5475E-06	-0.00002888
12132	 0.62393E-05	 0.19692E-04	-0.000048191	 0.15168E-05	7.8601E-06	-0.00014318
12132	 0.31418E-03	-0.10857E-03	-0.000081738	-0.46270E-04	1.4888E-06	-0.000027616
12133	 0.59155E-05	 0.20010E-04	-0.000048551	 0.16726E-05	8.5647E-06	-0.00014972
12133	 0.31463E-03	-0.10896E-03	-0.000081222	-0.48262E-04	1.4475E-06	-0.000025922
12134	 0.18025E-05	 0.22015E-04	-0.000048737	 0.25314E-05	0.000009464	-0.00015649
12134	 0.31870E-03	-0.11112E-03	-0.000080484	-0.51745E-04	1.4062E-06	-0.00002401
12135	-0.63682E-05	 0.25825E-04	-0.000048736	 0.41587E-05	0.000010311	-0.00016335
12135	 0.32664E-03	-0.11523E-03	-0.000079481	-0.55470E-04	1.3369E-06	-0.000022149
12136	-0.16667E-04	 0.30577E-04	-0.00004862	 0.61094E-05	0.000010861	-0.00017029
12136	 0.33666E-03	-0.12045E-03	-0.000078304	-0.57876E-04	1.2222E-06	-0.000020443
12137	-0.26539E-04	 0.35134E-04	-0.000048502	 0.78242E-05	0.000011139	-0.0001773
12137	 0.34629E-03	-0.12556E-03	-0.000077071	-0.58701E-04	1.0798E-06	-0.000018867
12138	-0.34777E-04	 0.38950E-04	-0.000048427	 0.91834E-05	0.000011392	-0.00018445
12138	 0.35426E-03	-0.12990E-03	-0.000075823	-0.59065E-04	9.3497E-07	-0.000017268
12139	-0.42254E-04	 0.42402E-04	-0.000048347	 0.10597E-04	0.000011911	-0.00019178
12139	 0.36135E-03	-0.13381E-03	-0.000074526	-0.60614E-04	8.0264E-07	-0.000015504
12140	-0.51041E-04	 0.46407E-04	-0.000048163	 0.12556E-04	0.000012754	-0.00019927
12140	 0.36955E-03	-0.13826E-03	-0.000073085	-0.63962E-04	6.7437E-07	-0.000013577
12141	-0.62312E-04	 0.51502E-04	-0.000047841	 0.15074E-04	0.000013649	-0.00020685
12141	 0.38006E-03	-0.14387E-03	-0.000071449	-0.67913E-04	5.3144E-07	-0.000011656
12142	-0.75228E-04	 0.57321E-04	-0.000047407	 0.17682E-04	0.000014309	-0.00021451
12142	 0.39215E-03	-0.15033E-03	-0.000069665	-0.70901E-04	3.6676E-07	-9.8389E-06
12143	-0.88199E-04	 0.63148E-04	-0.000046921	 0.20063E-04	0.000014777	-0.00022224
12143	 0.40426E-03	-0.15687E-03	-0.00006779	-0.72872E-04	1.9032E-07	-8.0985E-06
12144	-0.10089E-03	 0.68817E-04	-0.000046387	 0.22543E-04	0.000015364	-0.00023006
12144	 0.41595E-03	-0.16325E-03	-0.000065824	-0.75321E-04	1.0709E-08	-6.3506E-06
12145	-0.11443E-03	 0.74824E-04	-0.000045764	 0.25617E-04	0.000016229	-0.00023794
12145	 0.42828E-03	-0.16993E-03	-0.000063731	-0.79259E-04	-1.7395E-07	-4.6104E-06
12146	-0.12964E-03	 0.81544E-04	-0.000045006	 0.29107E-04	0.000017128	-0.00024583
12146	 0.44212E-03	-0.17739E-03	-0.000061486	-0.83619E-04	-3.6875E-07	-2.9809E-06
12147	-0.14571E-03	 0.88631E-04	-0.000044138	 0.32279E-04	0.000017737	-0.0002537
12147	 0.45675E-03	-0.18532E-03	-0.000059124	-0.86631E-04	-5.6917E-07	-1.5387E-06
12148	-0.16092E-03	 0.95308E-04	-0.000043205	 0.34648E-04	0.000018025	-0.00026158
12148	 0.47046E-03	-0.19292E-03	-0.000056681	-0.87810E-04	-7.7143E-07	-1.9723E-07
12149	-0.17409E-03	 0.10101E-03	-0.000042205	 0.36295E-04	0.000018187	-0.00026954
12149	 0.48202E-03	-0.19957E-03	-0.00005417	-0.87903E-04	-9.8653E-07	1.3278E-06
12150	-0.18530E-03	 0.10576E-03	-0.000041127	 0.37778E-04	0.000018483	-0.00027766
12150	 0.49145E-03	-0.20522E-03	-0.000051614	-0.88254E-04	-1.2342E-06	0.000003355
12151	-0.19566E-03	 0.11003E-03	-0.000039922	 0.39695E-04	0.000019083	-0.00028598
12151	 0.49979E-03	-0.21035E-03	-0.000048986	-0.89883E-04	-1.5397E-06	6.1487E-06
12152	-0.20659E-03	 0.11447E-03	-0.000038562	 0.42318E-04	0.000019979	-0.00029451
12152	 0.50845E-03	-0.21562E-03	-0.000046274	-0.92948E-04	-1.9211E-06	0.00000979
12153	-0.21900E-03	 0.11950E-03	-0.000037005	 0.45524E-04	0.00002102	-0.00030319
12153	 0.51837E-03	-0.22149E-03	-0.000043486	-0.96863E-04	-0.000002385	0.000014252
12154	-0.23315E-03	 0.12523E-03	-0.000035221	 0.49117E-04	0.000022084	-0.00031193
12154	 0.52981E-03	-0.22810E-03	-0.000040646	-0.10109E-03	-2.9275E-06	0.000019442
12155	-0.24900E-03	 0.13164E-03	-0.000033191	 0.53072E-04	0.000023151	-0.00032063
12155	 0.54270E-03	-0.23539E-03	-0.000037777	-0.10557E-03	-3.5435E-06	0.000025243
12156	-0.26630E-03	 0.13859E-03	-0.000030871	 0.57117E-04	0.000024125	-0.0003292
12156	 0.55675E-03	-0.24325E-03	-0.000034902	-0.10981E-03	-4.2211E-06	0.000031592
12157	-0.28448E-03	 0.14581E-03	-0.000028221	 0.60930E-04	0.000024922	-0.00033753
12157	 0.57142E-03	-0.25140E-03	-0.00003207	-0.11334E-03	-4.9486E-06	0.000038532
12158	-0.30309E-03	 0.15306E-03	-0.000025183	 0.64684E-04	0.000025648	-0.00034555
12158	 0.58622E-03	-0.25958E-03	-0.000029344	-0.11664E-03	-5.7438E-06	0.000046254
12159	-0.32252E-03	 0.16045E-03	-0.00002169	 0.69360E-04	0.000026627	-0.00035315
12159	 0.60144E-03	-0.26782E-03	-0.000026783	-0.12140E-03	-0.000006672	0.000054953
12160	-0.34434E-03	 0.16860E-03	-0.000017625	 0.76236E-04	0.000028158	-0.00036008
12160	 0.61854E-03	-0.27670E-03	-0.000024469	-0.12949E-03	-7.8141E-06	0.000064592
12161	-0.37032E-03	 0.17834E-03	-0.000012908	 0.85411E-04	0.000030047	-0.00036596
12161	 0.63929E-03	-0.28704E-03	-0.000022513	-0.14055E-03	-9.1531E-06	0.000074685
12162	-0.40108E-03	 0.18989E-03	-7.3487E-06	 0.95846E-04	0.00003181	-0.00037038
12162	 0.66437E-03	-0.29915E-03	-0.000021025	-0.15258E-03	-0.000010569	0.000084559
12163	-0.43602E-03	 0.20294E-03	-8.3655E-07	 0.10676E-03	0.000033171	-0.00037277
12163	 0.69323E-03	-0.31275E-03	-0.000020182	-0.16440E-03	-0.000011935	0.00009345
12164	-0.47431E-03	 0.21705E-03	0.000006805	 0.11797E-03	0.000034091	-0.00037246
12164	 0.72496E-03	-0.32733E-03	-0.00002019	-0.17589E-03	-0.000013176	0.00010075
12165	-0.51552E-03	 0.23187E-03	0.000015746	 0.13035E-03	0.000034754	-0.00036864
12165	 0.75902E-03	-0.34243E-03	-0.000021312	-0.18847E-03	-0.00001429	0.00010586
12166	-0.55981E-03	 0.24734E-03	0.000026253	 0.14436E-03	0.000035134	-0.00036023
12166	 0.79550E-03	-0.35795E-03	-0.000023806	-0.20274E-03	-0.000015215	0.00010801
12167	-0.60713E-03	 0.26334E-03	0.000038588	 0.15936E-03	0.000034904	-0.0003459
12167	 0.83440E-03	-0.37378E-03	-0.000028019	-0.21777E-03	-0.000015772	0.00010612
12168	-0.65699E-03	 0.27957E-03	0.000052927	 0.17507E-03	0.000033824	-0.00032384
12168	 0.87524E-03	-0.38951E-03	-0.000034336	-0.23319E-03	-0.000015772	0.000098769
12169	-0.70850E-03	 0.29557E-03	0.000069349	 0.19136E-03	0.000031649	-0.00029176
12169	 0.91720E-03	-0.40458E-03	-0.00004315	-0.24895E-03	-0.000014995	0.000084175
12170	-0.76031E-03	 0.31074E-03	0.000087728	 0.20846E-03	0.000028103	-0.00024685
12170	 0.95913E-03	-0.41828E-03	-0.000054734	-0.26545E-03	-0.000013167	0.000060119
12171	-0.81051E-03	 0.32440E-03	0.00010757	 0.22640E-03	0.000022785	-0.00018591
12171	 0.99937E-03	-0.42985E-03	-0.000068999	-0.28290E-03	-9.9095E-06	0.000023885
12172	-0.85618E-03	 0.33579E-03	0.00012763	 0.24458E-03	0.00001518	-0.00010595
12172	 0.10354E-02	-0.43849E-03	-0.00008519	-0.30073E-03	-4.7593E-06	-0.000027413
12173	-0.89308E-03	 0.34395E-03	0.00014575	 0.26143E-03	0.000004835	-5.2772E-06
12173	 0.10635E-02	-0.44324E-03	-0.00010165	-0.31733E-03	2.7077E-06	-0.000095889
12174	-0.91572E-03	 0.34792E-03	0.00015872	 0.27460E-03	-8.3388E-06	0.00011491
12174	 0.10788E-02	-0.44317E-03	-0.00011576	-0.33027E-03	0.00001263	-0.00018137
12175	-0.91840E-03	 0.34683E-03	0.00016276	 0.28274E-03	-0.000023896	0.00024896
12175	 0.10762E-02	-0.43736E-03	-0.00012442	-0.33839E-03	0.000024733	-0.00027986
12176	-0.89714E-03	 0.34012E-03	0.00015508	 0.28511E-03	-0.000040861	0.00038629
12176	 0.10518E-02	-0.42544E-03	-0.0001245	-0.34113E-03	0.000038246	-0.0003829
12177	-0.85103E-03	 0.32780E-03	0.0001349	 0.28066E-03	-0.000057669	0.00051267
12177	 0.10044E-02	-0.40773E-03	-0.00011437	-0.33741E-03	0.000051814	-0.00047855
12178	-0.78291E-03	 0.31031E-03	0.00010427	 0.26843E-03	-0.000072201	0.00061333
12178	 0.93655E-03	-0.38502E-03	-0.000094904	-0.32599E-03	0.000063563	-0.00055409
12179	-0.69878E-03	 0.28849E-03	0.000067499	 0.24871E-03	-0.000082414	0.00067689
12179	 0.85354E-03	-0.35827E-03	-0.000069598	-0.30686E-03	0.000071687	-0.00059941
12180	-0.60646E-03	 0.26316E-03	0.000030529	 0.22362E-03	-0.000087191	0.00069822
12180	 0.76250E-03	-0.32842E-03	-0.000043411	-0.28206E-03	0.00007518	-0.00060969
12181	-0.51381E-03	 0.23529E-03	-1.0474E-06	 0.19569E-03	-0.000086434	0.0006793
12181	 0.67064E-03	-0.29660E-03	-0.000021003	-0.25401E-03	0.000073926	-0.00058628
12182	-0.42688E-03	 0.20586E-03	-0.000023435	 0.16733E-03	-0.000081005	0.00062755
12182	 0.58350E-03	-0.26385E-03	-0.000005469	-0.22515E-03	0.000068653	-0.00053537
12183	-0.34886E-03	 0.17568E-03	-0.000035342	 0.14005E-03	-0.000072163	0.00055287
12183	 0.50403E-03	-0.23105E-03	2.2713E-06	-0.19704E-03	0.000060443	-0.00046532
12184	-0.27981E-03	 0.14525E-03	-0.000037736	 0.11406E-03	-0.000061007	0.00046441
12184	 0.43226E-03	-0.19873E-03	3.2982E-06	-0.16983E-03	0.000050241	-0.00038382
12185	-0.21712E-03	 0.11445E-03	-0.000033021	 0.88931E-04	-0.000048435	0.00036844
12185	 0.36562E-03	-0.16681E-03	-9.0273E-09	-0.14308E-03	0.000038784	-0.00029581
12186	-0.15652E-03	 0.82768E-04	-0.000024317	 0.63784E-04	-0.000034952	0.00026727
12186	 0.29993E-03	-0.13474E-03	-4.6436E-06	-0.11596E-03	0.000026411	-0.00020234
12187	-0.89192E-04	 0.47625E-04	-0.000014796	 0.36146E-04	-0.000020807	0.00016048
12187	 0.22436E-03	-0.98940E-04	-7.5776E-06	-0.85371E-04	0.000013376	-0.00010329
12188	-0.17464E-04	 0.11375E-04	-7.2913E-06	 0.75698E-05	-7.5909E-06	0.000058868
12188	 0.12779E-03	-0.55239E-04	-6.7561E-06	-0.48015E-04	2.2239E-06	-0.000017272
12189	 0.28862E-04	-0.11227E-04	-4.2006E-06	-0.10556E-04	-1.0287E-06	7.9782E-06
12189	 0.47698E-04	-0.19715E-04	-4.4592E-06	-0.17694E-04	-1.9219E-06	0.00001487
12190	 0.31348E-04	-0.13071E-04	-0.000002675	-0.11729E-04	-5.344E-07	4.1171E-06
12190	 0.20585E-04	-0.81632E-05	-2.6585E-06	-0.75936E-05	-9.9081E-07	7.6338E-06
12191	 0.17983E-04	-0.74294E-05	-1.6858E-06	-0.66880E-05	-4.3731E-07	0.00000338
12191	 0.17339E-04	-0.71548E-05	-1.6446E-06	-0.64409E-05	-3.2543E-07	2.5114E-06
12192	 0.11647E-04	-0.48358E-05	-1.0506E-06	-0.42616E-05	-1.9424E-07	1.5231E-06
12192	 0.12425E-04	-0.51953E-05	-1.0429E-06	-0.45590E-05	-0.000000167	1.3106E-06
12193	 0.82947E-05	-0.34877E-05	-6.6188E-07	-0.29952E-05	-7.3895E-08	5.8988E-07
12193	 0.81195E-05	-0.34097E-05	-6.5712E-07	-0.29310E-05	-8.5215E-08	6.8048E-07
12194	 0.56714E-05	-0.23970E-05	-4.2568E-07	-0.20534E-05	-3.0426E-08	2.4352E-07
12194	 0.55077E-05	-0.23249E-05	-4.1961E-07	-0.19936E-05	-3.1156E-08	2.4947E-07
12195	 0.38052E-05	-0.16153E-05	-2.6641E-07	-0.14090E-05	-8.1136E-09	6.4067E-08
12195	 0.37741E-05	-0.16025E-05	-2.6329E-07	-0.13977E-05	-7.092E-09	5.6085E-08
12196	 0.25503E-05	-0.10856E-05	-1.7009E-07	-0.95973E-06	2.782E-09	-2.1465E-08
12196	 0.25491E-05	-0.10861E-05	-1.6789E-07	-0.95954E-06	2.6733E-09	-2.0625E-08
12197	 0.16879E-05	-0.72093E-06	-1.0861E-07	-0.62662E-06	6.4266E-09	-5.05E-08
12197	 0.16795E-05	-0.71767E-06	-1.0732E-07	-0.62365E-06	6.204E-09	-4.8757E-08
12198	 0.10716E-05	-0.45817E-06	-6.962E-08	-0.38601E-06	6.4914E-09	-5.2373E-08
12198	 0.10513E-05	-0.44920E-06	-6.8894E-08	-0.37866E-06	6.338E-09	-5.1134E-08
12199	 0.59909E-06	-0.25388E-06	-4.4116E-08	-0.21275E-06	4.7639E-09	-3.8761E-08
12199	 0.58369E-06	-0.24699E-06	-4.3772E-08	-0.20720E-06	4.6704E-09	-3.7999E-08
12200	 0.22874E-06	-0.89844E-07	-3.1895E-08	-0.80603E-07	1.7784E-09	-1.4353E-08
12200	 0.22601E-06	-0.88743E-07	-3.1577E-08	-0.79654E-07	1.723E-09	-1.3916E-08
12201	 0.48360E-07	-0.99669E-08	-2.6028E-08	-0.15367E-07	-1.1209E-10	8.4618E-10
12201	 0.48253E-07	-0.99483E-08	-2.5966E-08	-0.15324E-07	-2.4101E-10	1.8339E-09
12202	 0.25741E-07	-0.56368E-09	-2.4019E-08	-0.70418E-08	-1.669E-10	1.267E-09
12202	 0.24486E-07	 0.50696E-10	-2.4109E-08	-0.65403E-08	-3.2528E-10	2.472E-09
12203	 0.20186E-07	 0.14097E-08	-2.2827E-08	-0.49329E-08	-5.31E-11	4.0783E-10
12203	 0.20126E-07	 0.14825E-08	-2.2924E-08	-0.48954E-08	-2.078E-10	1.6089E-09
12204	 0.15917E-07	 0.33722E-08	-2.2866E-08	-0.31992E-08	-8.0088E-12	6.2962E-11
12204	 0.16230E-07	 0.32646E-08	-2.2942E-08	-0.33061E-08	-1.4981E-10	1.1957E-09
12205	 0.13060E-07	 0.53959E-08	-2.4407E-08	-0.19284E-08	4.0668E-13	-2.9085E-12
12205	 0.13252E-07	 0.53498E-08	-2.4497E-08	-0.19882E-08	-1.3347E-10	1.0769E-09
12206	 0.11569E-07	 0.76446E-08	-2.7765E-08	-0.10002E-08	4.6807E-13	-4.4143E-12
12206	 0.11615E-07	 0.76870E-08	-2.7901E-08	-0.10010E-08	-1.3489E-10	1.068E-09
12207	 0.11701E-07	 0.10239E-07	-3.346E-08	-0.38358E-09	1.3199E-11	-1.0021E-10
12207	 0.11731E-07	 0.10319E-07	-3.3661E-08	-0.37057E-09	-1.1803E-10	9.0737E-10
