Node #	x (correct)	y (correct)	z (correct)	xy (correct)	yz (correct) 	xz (correct)
11651	-8.4665E-10	-8.3242E-10	2.6177E-09	-3.7303E-12	8.8279E-12	6.8464E-11
11651	-8.5729E-10	-8.4889E-10	2.6635E-09	-2.2025E-12	1.8724E-11	1.4522E-10
11653	-7.4828E-10	-7.1498E-10	2.269E-09	-8.8827E-12	2.0178E-11	1.54E-10
11653	-7.543E-10	-7.3176E-10	2.311E-09	-6.0133E-12	3.1137E-11	2.3806E-10
11654	-6.9351E-10	-6.0504E-10	1.9792E-09	-2.3973E-11	4.1369E-11	3.1127E-10
11654	-6.8906E-10	-6.2419E-10	2.016E-09	-1.7579E-11	5.3258E-11	4.009E-10
11655	-6.7432E-10	-5.0154E-10	1.738E-09	-4.7112E-11	5.9135E-11	4.4173E-10
11655	-6.5702E-10	-5.2411E-10	1.7696E-09	-3.6241E-11	7.0799E-11	5.2887E-10
11656	-6.8423E-10	-4.0356E-10	1.5373E-09	-7.5869E-11	7.3824E-11	5.5554E-10
11656	-6.5383E-10	-4.293E-10	1.5628E-09	-6.0686E-11	8.4896E-11	6.388E-10
11657	-7.1488E-10	-3.1078E-10	1.3683E-09	-1.0726E-10	8.6577E-11	6.631E-10
11657	-6.7639E-10	-3.3703E-10	1.3869E-09	-9.005E-11	9.6682E-11	7.4042E-10
11658	-7.6191E-10	-2.2271E-10	1.2255E-09	-1.4132E-10	9.9179E-11	7.6943E-10
11658	-7.2359E-10	-2.4547E-10	1.2368E-09	-1.2531E-10	1.0844E-10	8.4126E-10
11659	-8.0272E-10	-1.4725E-10	1.1034E-09	-1.7264E-10	9.3701E-11	7.247E-10
11659	-7.6612E-10	-1.6583E-10	1.1074E-09	-1.5812E-10	1.0243E-10	7.9218E-10
11660	-7.0051E-10	-1.6138E-10	1.0333E-09	-1.4399E-10	-6.9689E-11	-5.1816E-10
11660	-6.7286E-10	-1.7268E-10	1.0304E-09	-1.336E-10	-6.2068E-11	-4.6023E-10
11661	-6.3818E-10	-3.0512E-10	1.2807E-09	-9.0279E-11	-3.7057E-10	-2.7809E-09
11661	-6.2941E-10	-3.0501E-10	1.2718E-09	-8.7938E-11	-3.6421E-10	-2.7332E-09
11662	-9.1278E-10	-4.4833E-10	1.8575E-09	-1.2461E-10	-6.7897E-10	-5.1451E-09
11662	-8.9888E-10	-4.4782E-10	1.8428E-09	-1.2105E-10	-6.7254E-10	-5.0965E-09
11663	-1.6501E-09	-5.6694E-10	2.8357E-09	-2.8479E-10	-1.0512E-09	-8.1159E-09
11663	-1.6552E-09	-5.5331E-10	2.8115E-09	-2.8962E-10	-1.043E-09	-8.0522E-09
11664	-3.0523E-09	-6.5311E-10	4.3963E-09	-6.2861E-10	-1.6101E-09	-1.2501E-08
11664	-3.236E-09	-5.5114E-10	4.3577E-09	-7.0354E-10	-1.5956E-09	-1.2388E-08
11665	-5.9955E-09	-4.6362E-10	6.8729E-09	-1.4756E-09	-2.5456E-09	-1.9462E-08
11665	-5.76E-09	-5.4378E-10	6.8146E-09	-1.3892E-09	-2.5218E-09	-1.9279E-08
11666	-1.1805E-08	3.4312E-10	1.0828E-08	-3.2917E-09	-4.0981E-09	-3.0819E-08
11666	-9.61E-09	-6.1945E-10	1.0746E-08	-2.4345E-09	-4.1056E-09	-3.0875E-08
11667	-1.7162E-08	-2.5163E-10	1.7353E-08	-4.5822E-09	-6.683E-09	-5.0257E-08
11667	-2.1123E-08	1.6289E-09	1.7196E-08	-6.1538E-09	-6.7283E-09	-5.0596E-08
11668	-2.2346E-08	-2.8788E-09	2.8084E-08	-5.2163E-09	-1.1332E-08	-8.6152E-08
11668	-4.5123E-08	7.6137E-09	2.7876E-08	-1.4109E-08	-1.0905E-08	-8.2904E-08
11669	-9.0671E-08	1.9977E-08	4.5988E-08	-2.9467E-08	-1.9279E-08	-1.473E-07
11669	-2.7204E-08	-9.0458E-09	4.6095E-08	-4.8383E-09	-1.8651E-08	-1.425E-07
11670	-2.1635E-07	6.2776E-08	7.7193E-08	-7.4962E-08	-3.0988E-08	-2.3489E-07
11670	1.1565E-08	-4.0944E-08	7.661E-08	1.4106E-08	-3.5832E-08	-2.7159E-07
11671	2.6649E-07	-1.8292E-07	1.3201E-07	1.2257E-07	-5.7743E-08	-4.3348E-07
11671	-6.2194E-07	2.2359E-07	1.2885E-07	-2.2997E-07	-6.2098E-08	-4.6643E-07
11672	0.000001326	-7.098E-07	2.2546E-07	5.4913E-07	-1.4206E-07	-1.0716E-06
11672	-1.9287E-06	7.7598E-07	2.2296E-07	-7.2971E-07	-6.1404E-08	-4.6276E-07
11673	1.6156E-06	-8.9744E-07	3.4352E-07	6.6926E-07	-2.4166E-07	-0.00000185
11673	-2.5048E-06	9.5227E-07	4.106E-07	-9.2008E-07	-8.5673E-09	-6.4164E-08
11674	1.0102E-06	-6.4961E-07	4.0385E-07	4.3585E-07	-2.923E-07	-2.2666E-06
11674	-2.1361E-06	6.784E-07	6.3877E-07	-7.3862E-07	5.4387E-08	4.2212E-07
11675	2.8283E-07	-3.1543E-07	3.9974E-07	1.5664E-07	-3.1114E-07	-0.000002402
11675	-1.6303E-06	3.2626E-07	8.9848E-07	-5.1474E-07	9.0804E-08	7.006E-07
11676	-3.6932E-07	1.1888E-08	3.3623E-07	-1.0358E-07	-3.0577E-07	-2.3183E-06
11676	-1.1964E-06	-9.3712E-09	1.1927E-06	-3.1782E-07	1.0115E-07	7.6672E-07
11677	-9.5679E-07	3.3581E-07	2.1583E-07	-3.5095E-07	-2.7388E-07	-0.000002054
11677	-8.2992E-07	-3.3235E-07	0.000001527	-1.3508E-07	8.7024E-08	6.5293E-07
11678	-1.4758E-06	6.5748E-07	3.4039E-08	-5.7325E-07	-2.1679E-07	-1.6387E-06
11678	-5.3531E-07	-6.3965E-07	1.8984E-06	2.7561E-08	5.0381E-08	3.8096E-07
11679	-1.9192E-06	9.785E-07	-2.1962E-07	-7.6998E-07	-1.4351E-07	-1.0983E-06
11679	-3.1564E-07	-9.2964E-07	2.3058E-06	1.6308E-07	-4.838E-09	-3.6647E-08
11680	-2.2974E-06	1.3018E-06	-5.4436E-07	-9.6432E-07	-5.9701E-08	-4.5601E-07
11680	-1.6012E-07	-0.000001208	2.7515E-06	2.8086E-07	-7.8135E-08	-5.9167E-07
11681	-2.6413E-06	1.6343E-06	-9.2712E-07	-1.1831E-06	3.7781E-08	2.7404E-07
11681	-4.7151E-08	-1.4924E-06	3.2535E-06	3.9997E-07	-1.7339E-07	-1.2736E-06
11682	-2.9864E-06	1.9845E-06	-1.3517E-06	-1.4397E-06	1.5575E-07	1.0931E-06
11682	4.5996E-08	-1.8047E-06	3.8372E-06	5.3604E-07	-2.9382E-07	-2.0672E-06
11683	-3.3601E-06	2.3607E-06	-1.8071E-06	-1.7271E-06	2.9808E-07	2.0147E-06
11683	1.3088E-07	-2.1637E-06	4.5309E-06	6.9277E-07	-4.3616E-07	-2.9508E-06
11684	-3.7641E-06	2.7645E-06	-2.2912E-06	-2.0225E-06	4.6324E-07	3.0573E-06
11684	2.0837E-07	-2.5624E-06	5.3176E-06	8.5849E-07	-5.9133E-07	-3.9042E-06
11685	-4.1805E-06	3.2011E-06	-2.8295E-06	-2.3058E-06	6.459E-07	0.000004232
11685	2.7055E-07	-2.9941E-06	6.1884E-06	0.00000102	-7.5012E-07	-4.9151E-06
11686	-4.5835E-06	3.6729E-06	-3.4516E-06	-2.5645E-06	8.404E-07	0.00000554
11686	3.0704E-07	-3.4428E-06	7.1186E-06	1.1649E-06	-9.0777E-07	-5.9837E-06
11687	-4.9548E-06	4.1834E-06	-4.1856E-06	-2.8119E-06	0.000001048	6.9721E-06
11687	3.1055E-07	-3.8943E-06	8.0859E-06	1.2939E-06	-1.0695E-06	-7.1158E-06
11688	-5.3037E-06	4.7331E-06	-0.000005029	-3.0831E-06	1.2779E-06	0.000008516
11688	2.8755E-07	-4.3545E-06	9.0992E-06	1.4257E-06	-1.2484E-06	-8.3212E-06
11689	-5.6655E-06	5.3258E-06	-5.9572E-06	-3.4004E-06	1.5359E-06	0.000010167
11689	2.5326E-07	-4.8499E-06	0.000010201	1.5783E-06	-1.4508E-06	-0.000009607
11690	-6.0692E-06	5.9656E-06	-6.9471E-06	-3.7512E-06	1.8157E-06	0.000011936
11690	2.1846E-07	-5.3966E-06	0.000011415	1.7497E-06	-1.6689E-06	-0.000010976
11691	-6.5121E-06	6.6651E-06	-0.000008024	-4.1125E-06	2.1073E-06	0.000013839
11691	1.858E-07	-5.9937E-06	0.000012734	1.9281E-06	-1.8916E-06	-0.000012429
11692	-6.9735E-06	7.4326E-06	-9.2273E-06	-4.4865E-06	2.4138E-06	0.000015888
11692	1.542E-07	-6.6288E-06	0.000014132	2.1117E-06	-2.1217E-06	-0.000013974
11693	-0.000007452	8.2701E-06	-0.000010566	-4.8953E-06	2.7465E-06	0.000018085
11693	0.000000125	-7.3034E-06	0.000015614	2.3119E-06	-2.3703E-06	-0.00001562
11694	-7.9682E-06	9.1804E-06	-0.000012028	-5.3586E-06	3.1139E-06	0.00002044
11694	1.0682E-07	-8.0342E-06	0.000017208	2.5424E-06	-2.6451E-06	-0.000017379
11695	-8.5522E-06	0.00001017	-0.000013599	-5.8901E-06	3.5213E-06	0.000022972
11695	1.1023E-07	-8.8443E-06	0.000018953	2.8152E-06	-2.9487E-06	-0.000019259
11696	-9.2302E-06	0.000011241	-0.000015254	-6.4781E-06	3.9614E-06	0.000025709
11696	1.3965E-07	-9.7481E-06	0.000020875	3.1265E-06	-3.2723E-06	-0.000021265
11697	-9.9941E-06	0.000012411	-0.000017033	-0.000007094	4.4202E-06	0.000028683
11697	1.9672E-07	-0.000010742	0.000022962	3.4605E-06	-3.6015E-06	-0.000023406
11698	-0.00001081	0.000013693	-0.000018996	-7.7159E-06	4.8907E-06	0.000031918
11698	2.7268E-07	-0.000011803	0.000025171	3.7989E-06	-3.9302E-06	-0.000025695
11699	-0.000011634	0.0000151	-0.000021212	-8.3237E-06	5.3675E-06	0.000035427
11699	3.5177E-07	-0.0000129	0.000027451	4.1219E-06	-4.2567E-06	-0.000028152
11700	-0.000012414	0.000016646	-0.000023764	-0.000008937	5.8681E-06	0.000039212
11700	4.3902E-07	-0.000014001	0.00002973	4.4359E-06	-4.6001E-06	-0.000030808
11701	-0.000013167	0.000018337	-0.000026663	-9.6298E-06	0.000006434	0.000043272
11701	5.483E-07	-0.000015137	0.000032064	4.7876E-06	-4.9988E-06	-0.000033703
11702	-0.000013984	0.000020161	-0.0000298	-0.000010463	7.0937E-06	0.000047627
11702	6.9015E-07	-0.000016363	0.000034568	5.2168E-06	-5.4747E-06	-0.000036853
11703	-0.00001497	0.00002212	-0.000033076	-0.00001147	0.000007856	0.000052323
11703	8.8686E-07	-0.00001775	0.000037373	5.7529E-06	-6.0301E-06	-0.000040273
11704	-0.000016202	0.000024221	-0.000036427	-0.000012641	8.7075E-06	0.000057418
11704	1.1743E-06	-0.000019362	0.000040578	6.4103E-06	-6.6523E-06	-0.000043997
11705	-0.0000177	0.000026487	-0.000039867	-0.000013901	9.5991E-06	0.000062985
11705	1.5616E-06	-0.000021218	0.000044208	0.000007153	-7.3005E-06	-0.00004806
11706	-0.000019376	0.000028962	-0.000043559	-0.000015145	0.00001048	0.000069095
11706	2.0363E-06	-0.000023248	0.000048114	7.9064E-06	-7.9322E-06	-0.000052493
11707	-0.000021087	0.000031694	-0.00004775	-0.000016341	0.000011355	0.000075803
11707	2.5854E-06	-0.000025354	0.000052101	8.6322E-06	-8.5533E-06	-0.000057334
11708	-0.000022743	0.000034706	-0.000052588	-0.000017564	0.00001229	0.000083141
11708	3.2113E-06	-0.000027482	0.000056055	9.3623E-06	-9.2185E-06	-0.000062635
11709	-0.000024397	0.000037991	-0.000058032	-0.000018948	0.00001337	0.000091147
11709	3.9333E-06	-0.000029672	0.000060056	0.00001018	-9.9965E-06	-0.000068451
11710	-0.000026208	0.00004154	-0.000063903	-0.000020545	0.000014613	0.000099894
11710	4.7715E-06	-0.000032037	0.000064329	0.000011131	-0.000010899	-0.000074844
11711	-0.000028265	0.00004539	-0.000070189	-0.000022338	0.000015993	0.00010948
11711	5.7873E-06	-0.000034639	0.00006894	0.000012223	-0.00001191	-0.000081895
11712	-0.000030623	0.000049579	-0.000076917	-0.000024354	0.000017528	0.00012003
11712	7.0407E-06	-0.000037529	0.000073943	0.000013491	-0.000013042	-0.000089708
11713	-0.000033355	0.000054133	-0.000084076	-0.000026667	0.000019265	0.00013166
11713	8.6062E-06	-0.000040756	0.000079375	0.000014996	-0.000014333	-0.000098394
11714	-0.00003662	0.000059062	-0.000091552	-0.000029416	0.000021285	0.0001445
11714	0.000010575	-0.000044423	0.000085377	0.000016852	-0.000015849	-0.00010809
11715	-0.000040656	0.00006438	-0.000099129	-0.000032621	0.000023571	0.00015872
11715	0.000013042	-0.000048697	0.000092211	0.00001911	-0.000017587	-0.000119
11716	-0.000045565	0.000070178	-0.00010684	-0.000035954	0.000025887	0.00017456
11716	0.000016108	-0.000053598	0.000099784	0.00002158	-0.000019378	-0.00013137
11717	-0.000051024	0.00007666	-0.00011539	-0.000039056	0.000028037	0.00019229
11717	0.00001994	-0.000058799	0.0001072	0.000024003	-0.000021077	-0.00014536
11718	-0.000056673	0.000084089	-0.0001258	-0.0000425	0.000030493	0.0002123
11718	0.000024827	-0.000064095	0.00011378	0.000026757	-0.000023029	-0.00016114
11719	-0.000063237	0.000092188	-0.00013697	-0.000047712	0.000034181	0.00023472
11719	0.000031095	-0.000069867	0.00012018	0.0000309	-0.000025916	-0.00017872
11720	-0.000072532	0.00010056	-0.0001464	-0.000055757	0.000039557	0.0002597
11720	0.000039136	-0.00007721	0.00012847	0.000037393	-0.000030086	-0.00019841
11721	-0.000086286	0.00010912	-0.00015211	-0.000066454	0.00004606	0.00028725
11721	0.000049548	-0.000087089	0.0001401	0.000046396	-0.00003521	-0.00022099
11722	-0.00010527	0.00011824	-0.00015388	-0.000078411	0.00005238	0.00031713
11722	0.000063211	-0.000099705	0.00015443	0.000057079	-0.000040475	-0.00024745
11723	-0.00012911	0.00012869	-0.00015343	-0.000090495	0.00005761	0.00034883
11723	0.000081126	-0.00011415	0.00016835	0.000068463	-0.000045281	-0.00027786
11724	-0.00015747	0.00014072	-0.00015183	-0.00010352	0.000062225	0.00038156
11724	0.00010408	-0.00012944	0.00017907	0.000080981	-0.000049954	-0.00031132
11725	-0.00019103	0.00015393	-0.00014786	-0.00011942	0.000067046	0.00041339
11725	0.00013283	-0.00014534	0.00018557	0.00009622	-0.000055076	-0.00034581
11726	-0.0002311	0.00016775	-0.00013909	-0.0001388	0.000071694	0.00044115
11726	0.00016795	-0.00016213	0.000188	0.00011477	-0.000060279	-0.0003785
11727	-0.00027816	0.00018203	-0.00012441	-0.0001598	0.000074417	0.00046041
11727	0.00020961	-0.0001797	0.00018563	0.00013505	-0.000064033	-0.00040543
11728	-0.00033028	0.00019672	-0.0001052	-0.00018003	0.000073688	0.00046575
11728	0.00025687	-0.00019707	0.00017699	0.00015488	-0.000064899	-0.00042118
11729	-0.00038355	0.00021071	-0.000083153	-0.0001991	0.00006959	0.00045244
11729	0.00030666	-0.00021266	0.00016184	0.00017374	-0.000062726	-0.00042011
11730	-0.00043363	0.0002227	-0.000060194	-0.00021811	0.000062776	0.00041731
11730	0.00035444	-0.00022554	0.00014306	0.00019243	-0.000057881	-0.00039785
11731	-0.00047636	0.0002317	-0.000038376	-0.00023633	0.000053315	0.00036053
11731	0.00039534	-0.00023529	0.0001246	0.00021012	-0.000050364	-0.00035403
11732	-0.00050779	0.00023733	-0.000020393	-0.00025059	0.000041089	0.0002858
11732	0.00042522	-0.00024169	0.00010975	0.00022385	-0.000040153	-0.0002926
11733	-0.0005251	0.00023959	-8.4838E-06	-0.00025702	0.000026715	0.00019989
11733	0.00044144	-0.00024456	0.00010019	0.00023006	-0.000027923	-0.00022064
11734	-0.00052698	0.00023852	-3.6996E-06	-0.00025373	0.000011771	0.00011108
11734	0.00044298	-0.00024352	0.000095885	0.00022696	-0.000015172	-0.00014616
11735	-0.00051384	0.00023385	-5.4073E-06	-0.00024225	-1.9627E-06	0.000026916
11735	0.00043047	-0.0002381	0.000095435	0.00021597	-0.000003515	-0.000075787
11736	-0.00048778	0.00022544	-0.000011743	-0.00022624	-0.000013417	-0.000047031
11736	0.00040602	-0.00022817	0.000097014	0.00020048	6.1266E-06	-0.000013781
11737	-0.00045209	0.00021351	-0.000020448	-0.00020952	-0.000022538	-0.00010809
11737	0.00037252	-0.00021409	0.000098984	0.00018394	0.000013735	0.000038251
11738	-0.00041055	0.00019868	-0.000029244	-0.00019388	-0.000029843	-0.00015628
11738	0.00033319	-0.00019695	0.00010061	0.00016801	0.000019788	0.000080484
11739	-0.00036673	0.00018197	-0.000036386	-0.00017791	-0.000035668	-0.00019366
11739	0.0002911	-0.00017825	0.0001017	0.00015154	0.000024616	0.00011398
11740	-0.00032267	0.00016452	-0.000041657	-0.00015876	-0.000039791	-0.00022287
11740	0.00024811	-0.00015895	0.00010195	0.00013211	0.000028029	0.0001399
11741	-0.00027812	0.00014662	-0.000045836	-0.00013572	-0.000042014	-0.00024607
11741	0.00020453	-0.00013878	0.00010039	0.00010929	0.000029833	0.00015972
11742	-0.00023198	0.00012804	-0.000050058	-0.00011178	-0.000042987	-0.0002642
11742	0.00016011	-0.00011705	0.00009631	0.000085784	0.000030553	0.00017515
11743	-0.00018425	0.00010853	-0.00005431	-0.000089839	-0.000043792	-0.00027761
11743	0.00011478	-0.000093774	0.000090178	0.000063893	0.000031142	0.00018775
11744	-0.00013635	0.000088392	-0.000057768	-0.000070099	-0.000044983	-0.00028678
11744	0.000069257	-0.000069849	0.000083143	0.000043563	0.000032161	0.00019852
11745	-0.000089644	0.000068146	-0.000059923	-0.000051135	-0.000046325	-0.00029244
11745	0.000024469	-0.000046281	0.000076176	0.000023612	0.000033505	0.00020783
11746	-0.000044289	0.000047942	-0.000060679	-0.000031569	-0.00004713	-0.00029563
11746	-0.000019594	-0.000023374	0.000069775	3.1709E-06	0.000034638	0.00021585
11747	4.2951E-07	0.000027801	-0.000060792	-0.000011289	-0.000046933	-0.00029696
11747	-0.0000633	-7.2279E-07	0.0000635	-0.000017536	0.000035082	0.00022243
11748	0.000045476	7.4878E-06	-0.000060857	9.0855E-06	-0.000045843	-0.00029666
11748	-0.00010724	0.000022276	0.000056779	-0.000037915	0.000034854	0.00022771
11749	0.000091665	-0.00001319	-0.000061356	0.000029261	-0.000044316	-0.0002946
11749	-0.00015192	0.000045984	0.000049396	-0.000057925	0.000034319	0.00023196
11750	0.00013889	-0.000034175	-0.000062221	0.000049741	-0.000043009	-0.0002905
11750	-0.00019727	0.000070206	0.000041517	-0.000078494	0.00003406	0.00023536
11751	0.00018589	-0.000054981	-0.000063001	0.000071722	-0.000042471	-0.00028416
11751	-0.00024234	0.000094093	0.000033713	-0.00010125	0.00003464	0.0002381
11752	0.00023101	-0.000075015	-0.000063063	0.000096146	-0.000042696	-0.00027574
11752	-0.0002859	0.0001166	0.000026699	-0.0001272	0.000036161	0.00024023
11753	0.00027324	-0.000094033	-0.000061914	0.00012253	-0.000043111	-0.00026575
11753	-0.00032721	0.00013719	0.000020985	-0.00015546	0.000038153	0.0002417
11754	0.00031252	-0.00011206	-0.000059681	0.00014932	-0.000043113	-0.00025478
11754	-0.00036627	0.00015601	0.000016528	-0.00018405	0.000040016	0.00024246
11755	0.00034968	-0.00012951	-0.000056623	0.00017498	-0.000042397	-0.00024331
11755	-0.00040377	0.00017369	0.00001309	-0.00021112	0.000041333	0.00024249
11756	0.00038589	-0.00014688	-0.00005314	0.00019866	-0.000040945	-0.00023163
11756	-0.00044067	0.00019097	0.000010302	-0.00023569	0.00004194	0.00024178
11757	0.00042189	-0.00016432	-0.000049544	0.00022083	-0.000039032	-0.00021981
11757	-0.00047751	0.00020825	7.8318E-06	-0.0002584	0.000042019	0.00024033
11758	0.00045786	-0.00018174	-0.000045982	0.000243	-0.000037033	-0.00020785
11758	-0.00051423	0.0002254	5.5117E-06	-0.00028101	0.000041934	0.00023818
11759	0.00049352	-0.0001989	-0.000042342	0.00026649	-0.000035163	-0.00019574
11759	-0.00055049	0.00024207	3.4292E-06	-0.00030498	0.000041935	0.00023534
11760	0.00052836	-0.00021555	-0.000038647	0.00029143	-0.000033406	-0.00018346
11760	-0.00058601	0.00025809	1.6045E-06	-0.00033059	0.000042048	0.00023191
11761	0.00056245	-0.00023185	-0.000034867	0.00031642	-0.000031573	-0.00017108
11761	-0.00062099	0.00027368	8.0759E-08	-0.00035629	0.000042048	0.00022796
11762	0.00059648	-0.00024826	-0.00003105	0.00034004	-0.00002953	-0.00015873
11762	-0.00065587	0.00028928	-0.000001245	-0.00038033	0.000041716	0.00022355
11763	0.00063063	-0.00026481	-0.000027245	0.00036292	-0.000027385	-0.00014646
11763	-0.00069076	0.00030493	-2.4433E-06	-0.00040342	0.000041156	0.00021869
11764	0.00066434	-0.00028095	-0.000023512	0.00038722	-0.000025327	-0.00013423
11764	-0.0007253	0.00032018	-3.5397E-06	-0.00042812	0.000040655	0.00021336
11765	0.00069694	-0.00029625	-0.000019794	0.00041415	-0.000023412	-0.00012201
11765	-0.0007589	0.00033456	-4.4577E-06	-0.00045583	0.000040338	0.00020758
11766	0.00072847	-0.00031086	-0.000016104	0.00044242	-0.000021527	-0.00010991
11766	-0.00079134	0.00034814	-5.2399E-06	-0.00048492	0.000040034	0.0002014
11767	0.00075943	-0.00032517	-0.000012432	0.00047045	-0.000019584	-0.000098032
11767	-0.00082275	0.00036119	-5.9126E-06	-0.00051343	0.000039566	0.00019488
11768	0.00079004	-0.00033932	-8.8465E-06	0.00049791	-0.000017587	-0.000086418
11768	-0.00085336	0.0003739	-6.5256E-06	-0.00054097	0.00003891	0.00018804
11769	0.0008203	-0.00035329	-5.3452E-06	0.00052487	-0.000015559	-0.000075077
11769	-0.00088343	0.00038636	-7.0546E-06	-0.00056783	0.000038094	0.00018092
11770	0.00084996	-0.00036684	-1.9613E-06	0.00055234	-0.000013547	-0.000064041
11770	-0.00091286	0.0003984	-7.5154E-06	-0.00059517	0.000037202	0.00017353
11771	0.00087879	-0.00037979	1.3618E-06	0.00058106	-0.000011579	-0.000053371
11771	-0.0009414	0.00040978	-7.8559E-06	-0.00062378	0.000036287	0.0001659
11772	0.00090656	-0.00039203	4.6115E-06	0.00061082	-9.6471E-06	-0.000043096
11772	-0.00096902	0.00042048	-8.0857E-06	-0.00065358	0.00003533	0.00015804
11773	0.00093316	-0.00040352	0.000007736	0.00064118	-7.7402E-06	-0.000033233
11773	-0.00099579	0.00043059	-8.2323E-06	-0.00068422	0.000034303	0.00014998
11774	0.00095915	-0.00041472	0.000010749	0.00067072	-5.8568E-06	-0.000023855
11774	-0.001022	0.00044047	-8.2858E-06	-0.00071403	0.000033123	0.00014178
11775	0.00098523	-0.00042611	0.000013623	0.00069843	-4.0217E-06	-0.000015043
11775	-0.0010481	0.00045046	-8.2744E-06	-0.00074165	0.000031747	0.00013349
11776	0.0010111	-0.00043738	0.000016451	0.00072594	-2.2793E-06	-6.8694E-06
11776	-0.0010738	0.00046022	-8.1149E-06	-0.00076886	0.000030279	0.00012514
11777	0.0010357	-0.00044753	0.000019161	0.00075648	-6.438E-07	6.4019E-07
11777	-0.0010982	0.00046887	-7.8402E-06	-0.00079937	0.000028867	0.00011674
11778	0.001058	-0.00045589	0.000021728	0.0007915	8.9365E-07	7.4396E-06
11778	-0.0011205	0.00047577	-7.5074E-06	-0.00083466	0.000027554	0.00010833
11779	0.0010787	-0.000463	0.000024114	0.00082862	2.3317E-06	0.000013482
11779	-0.0011407	0.00048126	-7.1756E-06	-0.00087183	0.000026234	0.000099988
11780	0.0010984	-0.00046957	0.000026432	0.00086483	0.000003653	0.000018767
11780	-0.0011596	0.00048615	-6.7353E-06	-0.00090785	0.000024816	0.000091803
11781	0.0011166	-0.00047537	0.00002854	0.00090031	4.8574E-06	0.000023343
11781	-0.0011775	0.0004905	-6.3058E-06	-0.00094339	0.000023329	0.000083798
11782	0.0011322	-0.00047917	0.000030638	0.00093944	5.9609E-06	0.000027172
11782	-0.0011928	0.00049283	-5.7373E-06	-0.00098285	0.000021907	0.000076045
11783	0.0011433	-0.00047932	0.000032557	0.00098641	7.0179E-06	0.00003029
11783	-0.0012033	0.00049139	-5.1936E-06	-0.0010304	0.000020636	0.000068565
11784	0.0011493	-0.0004756	0.000034158	0.001039	8.0689E-06	0.000032863
11784	-0.0012086	0.00048626	-4.9006E-06	-0.0010839	0.000019431	0.000061348
11785	0.0011523	-0.00047013	0.000035246	0.0010892	9.0981E-06	0.000035121
11785	-0.001211	0.00047978	-5.0178E-06	-0.0011352	0.000018111	0.000054376
11786	0.0011553	-0.00046575	0.000036047	0.0011303	0.00001005	0.00003721
11786	-0.0012132	0.00047461	-5.3071E-06	-0.0011769	0.000016575	0.000047673
11787	0.0011599	-0.00046356	0.000036613	0.0011611	0.000010928	0.00003927
11787	-0.001217	0.00047187	-5.6797E-06	-0.001208	0.000014846	0.000041204
11788	0.0011657	-0.00046308	0.000037032	0.0011849	0.000011759	0.000041335
11788	-0.0012222	0.00047102	-6.0693E-06	-0.0012319	0.000013021	0.000034975
11789	0.0011717	-0.00046309	0.000037571	0.0012063	0.000012568	0.000043338
11789	-0.0012276	0.00047054	-6.1731E-06	-0.0012532	0.000011204	0.000029044
11790	0.0011762	-0.0004619	0.000037999	0.0012296	0.0000134	0.000045224
11790	-0.0012317	0.0004689	-6.2195E-06	-0.0012766	9.4583E-06	0.000023437
11791	0.0011785	-0.00045882	0.000038253	0.0012562	0.000014263	0.000046941
11791	-0.0012336	0.00046538	-6.2738E-06	-0.0013035	7.7986E-06	0.000018195
11792	0.0011799	-0.00045506	0.000038341	0.0012827	0.000015103	0.000048472
11792	-0.001234	0.00046112	-6.3396E-06	-0.0013301	6.2047E-06	0.000013337
11793	0.0011823	-0.00045267	0.000038233	0.0013039	0.000015837	0.000049842
11793	-0.0012357	0.00045842	-6.4509E-06	-0.0013512	4.6576E-06	8.8448E-06
11794	0.0011864	-0.00045213	0.000038053	0.0013194	0.000016424	0.000050995
11794	-0.0012393	0.00045775	-6.4853E-06	-0.0013667	0.000003191	4.7477E-06
11795	0.0011897	-0.00045096	0.000037961	0.0013364	0.000016919	0.000051782
11795	-0.001242	0.00045623	-0.000006302	-0.0013833	1.8659E-06	1.1368E-06
11796	0.0011887	-0.00044556	0.000037836	0.0013627	0.000017426	0.000052089
11796	-0.0012398	0.00045019	-6.0486E-06	-0.0014093	6.9668E-07	-1.9414E-06
11797	0.0011821	-0.00043532	0.000037449	0.0013971	0.000017951	0.000051945
11797	-0.0012322	0.00043945	-5.9749E-06	-0.001444	-3.6181E-07	-4.5619E-06
11798	0.0011744	-0.00042468	0.000036536	0.001428	0.00001835	0.000051516
11798	-0.0012236	0.00042878	-6.3623E-06	-0.0014756	-1.3503E-06	-6.8659E-06
11799	0.001171	-0.00041872	0.000035471	0.0014463	0.000018474	0.000050923
11799	-0.0012188	0.00042286	-6.8424E-06	-0.0014936	-2.2549E-06	-8.9242E-06
11800	0.0011715	-0.00041686	0.000034639	0.0014552	0.000018351	0.000050131
11800	-0.001218	0.00042093	-7.0067E-06	-0.0015016	-3.0548E-06	-0.000010733
11801	0.0011704	-0.00041373	0.000033824	0.0014659	0.000018128	0.000048983
11801	-0.0012163	0.00041791	-7.0739E-06	-0.0015123	-3.7492E-06	-0.000012219
11802	0.0011642	-0.00040586	0.000033122	0.0014857	0.00001787	0.00004734
11802	-0.0012094	0.00040989	-6.9619E-06	-0.0015324	-4.3261E-06	-0.000013267
11803	0.0011545	-0.00039495	0.000032417	0.0015104	0.000017496	0.000045221
11803	-0.0011983	0.00039853	-6.8263E-06	-0.0015565	-4.7717E-06	-0.000013887
11804	0.0011453	-0.00038517	0.000031485	0.0015296	0.000016879	0.000042736
11804	-0.001188	0.00038862	-6.8913E-06	-0.0015757	-5.0763E-06	-0.00001419
11805	0.0011381	-0.0003781	0.000030613	0.0015412	0.000015988	0.000039914
11805	-0.0011804	0.00038164	-6.8802E-06	-0.0015877	-5.2194E-06	-0.000014181
11806	0.0011301	-0.00037066	0.00003009	0.0015527	0.000014904	0.000036696
11806	-0.0011717	0.00037393	-6.5368E-06	-0.0015992	-5.1942E-06	-0.000013775
11807	0.0011165	-0.00035828	0.000029685	0.0015717	0.000013712	0.000033052
11807	-0.0011574	0.00036107	-6.1232E-06	-0.0016183	-5.0165E-06	-0.000012931
11808	0.0010959	-0.0003399	0.000029227	0.0015978	0.000012421	0.000029069
11808	-0.0011362	0.00034224	-5.8294E-06	-0.0016453	-4.6978E-06	-0.000011708
11809	0.0010713	-0.00031882	0.000028634	0.0016235	0.000010996	0.000024941
11809	-0.001111	0.00032081	-5.7662E-06	-0.0016723	-4.2543E-06	-0.000010262
11810	0.0010468	-0.00029907	0.000027992	0.0016421	9.4513E-06	0.000020884
11810	-0.001086	0.0003008	-5.8559E-06	-0.001692	-3.7311E-06	-8.7739E-06
11811	0.0010244	-0.00028246	0.000027298	0.0016514	7.8624E-06	0.000017057
11811	-0.0010632	0.00028414	-6.0567E-06	-0.0017025	-3.1906E-06	-7.3836E-06
11812	0.001004	-0.00026871	0.000026686	0.0016531	6.3147E-06	0.000013553
11812	-0.0010426	0.00027043	-0.000006239	-0.0017056	-2.6798E-06	-6.1537E-06
11813	0.00098351	-0.00025591	0.00002638	0.0016511	4.8772E-06	0.000010415
11813	-0.0010225	0.00025755	-6.1328E-06	-0.0017053	-0.000002222	-0.00000509
11814	0.00096085	-0.00024166	0.000026006	0.0016485	3.5933E-06	7.6703E-06
11814	-0.0010005	0.0002433	-6.0703E-06	-0.0017051	-1.8254E-06	-0.000004181
11815	0.00093536	-0.0002252	0.000025545	0.0016468	2.4929E-06	5.3627E-06
11815	-0.00097513	0.00022667	-6.0373E-06	-0.0017053	-1.5079E-06	-3.4533E-06
11816	0.00090876	-0.00020831	0.000025119	0.0016432	1.6086E-06	3.5568E-06
11816	-0.00094812	0.00020942	-5.9035E-06	-0.0017027	-1.3098E-06	-2.9848E-06
11817	0.00088488	-0.00019488	0.000024313	0.0016317	9.7566E-07	2.3018E-06
11817	-0.00092415	0.00019604	-6.0396E-06	-0.0016928	-1.2789E-06	-2.8628E-06
11818	0.0008665	-0.00018747	0.000023519	0.0016106	6.0822E-07	1.5866E-06
11818	-0.00090629	0.00018891	-0.000005996	-0.0016736	-0.000001431	-3.1087E-06
11819	0.00085238	-0.0001843	0.000022907	0.0015843	4.8553E-07	0.00000134
11819	-0.00089277	0.00018594	-5.5817E-06	-0.0016485	-1.7384E-06	-3.6586E-06
11820	0.00083833	-0.000181	0.000022269	0.0015587	5.5182E-07	1.4418E-06
11820	-0.00087937	0.00018276	-4.9405E-06	-0.0016241	-0.000002145	-4.3885E-06
11821	0.00082104	-0.00017446	0.00002161	0.0015372	7.4972E-07	1.7759E-06
11821	-0.00086275	0.00017617	-4.0985E-06	-0.0016043	-2.6005E-06	-5.1801E-06
11822	0.00080004	-0.00016439	0.000020806	0.0015194	1.0402E-06	2.2609E-06
11822	-0.0008421	0.00016589	-3.2008E-06	-0.001588	-3.0762E-06	-5.9656E-06
11823	0.00077658	-0.00015227	0.000019742	0.0015024	1.4001E-06	2.8487E-06
11823	-0.00081869	0.00015352	-2.3459E-06	-0.0015725	-3.5609E-06	-6.7263E-06
11824	0.00075261	-0.0001401	0.000018327	0.0014831	1.8135E-06	3.5113E-06
11824	-0.00079454	0.00014125	-1.6619E-06	-0.0015547	-0.000004047	-7.4648E-06
11825	0.00072986	-0.00012967	0.000016712	0.0014598	0.000002255	0.000004213
11825	-0.00077142	0.00013084	-0.000001056	-0.0015324	-4.5089E-06	-8.1585E-06
11826	0.00070876	-0.00012137	0.000014995	0.0014324	2.7028E-06	4.9232E-06
11826	-0.00075003	0.00012271	-4.9383E-07	-0.0015059	-4.9094E-06	-0.000008756
11827	0.00068776	-0.00011349	0.000012995	0.0014029	3.1338E-06	5.5943E-06
11827	-0.00072867	0.00011521	-1.7334E-07	-0.0014776	-5.1971E-06	-9.1533E-06
11828	0.00066451	-0.00010374	0.000011016	0.0013745	3.5329E-06	6.1782E-06
11828	-0.00070441	0.00010565	5.6085E-08	-0.0014493	-5.3182E-06	-9.2271E-06
11829	0.00063766	-0.000091005	8.9417E-06	0.0013474	3.8749E-06	6.6223E-06
11829	-0.00067571	0.000092983	2.0217E-08	-0.0014214	-5.2111E-06	-8.8718E-06
11830	0.00060715	-0.000075755	6.7699E-06	0.0013193	4.1312E-06	6.8793E-06
11830	-0.00064294	0.000077785	-3.7462E-07	-0.0013924	-4.8232E-06	-8.0269E-06
11831	0.00057409	-0.000059568	4.8286E-06	0.0012879	4.2624E-06	6.9056E-06
11831	-0.00060747	0.00006155	-9.041E-07	-0.0013598	-4.1125E-06	-6.6763E-06
11832	0.00054035	-0.000044337	3.1147E-06	0.0012511	0.000004221	6.6666E-06
11832	-0.00057125	0.000046295	-1.6231E-06	-0.0013214	-3.0686E-06	-4.8671E-06
11833	0.00050764	-0.000031614	1.8382E-06	0.0012085	3.9732E-06	6.1419E-06
11833	-0.00053611	0.000033504	-2.2855E-06	-0.0012765	-1.7397E-06	-2.7083E-06
11834	0.00047735	-0.000021905	9.9558E-07	0.0011621	3.4872E-06	5.3011E-06
11834	-0.00050325	0.000023617	-2.6074E-06	-0.0012263	-2.1838E-07	-3.4491E-07
11835	0.00027125	-0.000010207	1.1437E-06	0.00066915	2.4781E-06	0.000003722
11835	-0.0004731	0.000015683	-1.1637E-06	-0.0011728	9.5901E-07	1.4359E-06
11836	-0.00017187	2.7279E-06	1.2737E-06	-0.00043293	1.2764E-06	0.000001901
11836	-0.0004607	0.00001029	1.0485E-06	-0.0011549	1.1184E-06	1.6651E-06
11837	-0.0005288	8.8715E-06	2.2297E-06	-0.0013336	5.896E-07	8.741E-07
11837	-0.00052781	0.000008891	2.2855E-06	-0.0013309	6.5695E-07	9.7389E-07
11838	-0.0006895	0.000012427	2.0147E-06	-0.0017377	2.5645E-07	3.7978E-07
11838	-0.00067146	0.000012174	1.8747E-06	-0.0016921	2.6068E-07	3.8603E-07
11839	-0.00078836	0.000020357	8.8483E-07	-0.0019686	-4.8289E-08	-7.3116E-08
11839	-0.00079227	0.00002054	6.1243E-07	-0.0019786	-5.3711E-08	-8.1227E-08
11840	-0.00080954	0.00002892	4.4978E-07	-0.001995	-4.2827E-07	-6.4609E-07
11840	-0.00081089	0.00002879	9.6763E-07	-0.0019979	-4.6135E-07	-6.9598E-07
11841	-0.00061815	0.00002428	2.3545E-06	-0.0015119	-1.0983E-06	-1.6594E-06
11841	-0.00067713	0.000026653	2.2943E-06	-0.0016565	-1.1435E-06	-1.7277E-06
11842	-0.00019377	7.9975E-06	5.223E-07	-0.00047304	-2.4923E-06	-0.000003732
11842	-0.00037605	0.000013514	4.3628E-07	-0.00092599	-2.1059E-06	-3.1541E-06
11843	0.000093166	-1.3922E-06	2.1054E-07	0.00023668	-3.8494E-06	-5.6945E-06
11843	-0.00016144	2.8899E-06	0.000000237	-0.00040737	-2.5028E-06	-3.7053E-06
11844	0.00012431	-1.1149E-06	8.1094E-07	0.00031933	-0.000004494	-6.5913E-06
11844	-0.00013589	6.6882E-07	8.2045E-07	-0.00034768	-2.0999E-06	-3.0829E-06
11845	0.0001225	-1.6957E-06	1.3618E-06	0.00031374	-4.8575E-06	-7.1444E-06
11845	-0.00013457	9.8914E-07	1.2109E-06	-0.00034245	-1.5535E-06	-2.2881E-06
11846	0.00012192	-3.2689E-06	1.7893E-06	0.00030773	-5.0487E-06	-7.4993E-06
11846	-0.00013438	2.4796E-06	0.000001468	-0.00033642	-1.0046E-06	-1.4975E-06
11847	0.00012091	-4.1425E-06	2.1947E-06	0.00030291	-5.1512E-06	-7.6916E-06
11847	-0.00013362	3.2281E-06	1.6816E-06	-0.00033149	-4.7259E-07	-7.1468E-07
11848	0.00011811	-3.1602E-06	2.5433E-06	0.00029966	-5.2304E-06	-7.7487E-06
11848	-0.00013077	1.9805E-06	1.8425E-06	-0.00032805	2.7135E-08	2.734E-08
11849	0.00011333	-5.1668E-07	0.000002834	0.00029676	-5.3038E-06	-7.7023E-06
11849	-0.00012575	-1.0514E-06	1.9527E-06	-0.00032505	4.8639E-07	6.909E-07
11850	0.00010726	2.8802E-06	3.0393E-06	0.00029275	-5.3528E-06	-7.5754E-06
11850	-0.00011932	-4.8673E-06	2.0095E-06	-0.00032102	8.8712E-07	1.2388E-06
11851	0.00010081	6.0629E-06	3.2084E-06	0.00028679	-5.3484E-06	-7.3809E-06
11851	-0.00011249	-8.4502E-06	2.0775E-06	-0.00031496	1.2034E-06	1.6439E-06
11852	0.000094713	0.000008379	3.2916E-06	0.00027865	-5.2727E-06	-7.1326E-06
11852	-0.00010607	-0.000011055	2.1077E-06	-0.00030669	1.4189E-06	1.9027E-06
11853	0.000089363	9.5779E-06	3.3303E-06	0.00026869	-5.1223E-06	-6.8415E-06
11853	-0.00010049	-0.000012432	2.1443E-06	-0.00029654	1.5278E-06	2.0237E-06
11854	0.000084799	0.0000098	3.3427E-06	0.00025757	-0.000004906	-6.5138E-06
11854	-0.000095774	-0.000012733	2.1865E-06	-0.00028519	1.5357E-06	2.0215E-06
11855	0.00008081	9.4228E-06	3.3026E-06	0.00024594	-0.00000464	-6.1525E-06
11855	-0.000091697	-0.000012357	2.2253E-06	-0.00027333	1.4566E-06	1.9131E-06
11856	0.000077077	8.8269E-06	3.2593E-06	0.00023427	-4.3415E-06	-5.7598E-06
11856	-0.000087909	-0.000011745	0.000002291	-0.00026143	1.3053E-06	1.7123E-06
11857	0.000073342	8.2915E-06	3.1868E-06	0.00022273	-4.0251E-06	-5.3412E-06
11857	-0.000084119	-0.00001119	2.3543E-06	-0.0002497	1.0965E-06	1.4344E-06
11858	0.000069491	7.9006E-06	3.0943E-06	0.00021132	-0.000003699	-4.9032E-06
11858	-0.000080207	-0.000010792	2.4189E-06	-0.00023816	8.4017E-07	1.0916E-06
11859	0.00006556	7.5981E-06	0.000002992	0.00019995	-3.3663E-06	-0.000004453
11859	-0.000076194	-0.000010492	2.4874E-06	-0.00022666	5.4202E-07	6.9313E-07
11860	0.000061707	7.2207E-06	2.8713E-06	0.00018853	-3.0276E-06	-3.9993E-06
11860	-0.000072262	-0.0000101	2.5492E-06	-0.00021508	2.0789E-07	2.4854E-07
11861	0.000058069	6.6612E-06	0.000002734	0.00017704	-2.6853E-06	-3.5495E-06
11861	-0.00006858	-9.4942E-06	2.6106E-06	-0.00020348	-1.5552E-07	-2.3447E-07
11862	0.000054529	6.0609E-06	2.5934E-06	0.00016568	-2.3449E-06	-3.1038E-06
11862	-0.000064998	-8.8331E-06	2.6581E-06	-0.00019199	-5.4408E-07	-7.5239E-07
11863	0.000050785	5.6934E-06	2.4529E-06	0.00015453	-2.0135E-06	-2.6609E-06
11863	-0.000061172	-8.4416E-06	2.7098E-06	-0.00018071	-9.5529E-07	-1.2984E-06
11864	0.000046538	5.7554E-06	0.0000023	0.00014341	-1.6956E-06	-2.2227E-06
11864	-0.00005676	-0.000008554	2.7486E-06	-0.00016953	-1.3871E-06	-1.8585E-06
11865	0.000041613	6.2259E-06	2.1508E-06	0.00013181	-1.3896E-06	-1.7916E-06
11865	-0.00005157	-9.1825E-06	2.7968E-06	-0.00015792	-1.8378E-06	-2.4148E-06
11866	0.000036048	6.8471E-06	2.0291E-06	0.00011901	-0.000001087	-1.3681E-06
11866	-0.000045656	-0.000010062	2.8506E-06	-0.00014515	-2.3028E-06	-2.9506E-06
11867	0.000030092	7.2421E-06	1.9217E-06	0.00010446	-7.8045E-07	-9.546E-07
11867	-0.000039312	-0.000010764	2.9018E-06	-0.00013063	-0.000002767	-3.4483E-06
11868	0.000024102	7.0445E-06	1.8477E-06	0.000088008	-4.6011E-07	-5.4591E-07
11868	-0.00003297	-0.000010872	2.9856E-06	-0.00011416	-3.2113E-06	-0.000003901
11869	0.000018362	6.0832E-06	1.7887E-06	0.00006989	-1.2302E-07	-1.3752E-07
11869	-0.000026972	-0.000010132	3.0706E-06	-0.000095981	-3.6101E-06	-4.3055E-06
11870	0.000012915	4.4851E-06	1.7405E-06	0.000050643	2.2591E-07	2.7308E-07
11870	-0.000021391	-8.6442E-06	3.1604E-06	-0.000076636	-3.9393E-06	-4.6547E-06
11871	7.6536E-06	2.5739E-06	1.6986E-06	0.000030961	5.8517E-07	6.9334E-07
11871	-0.000016069	-6.7486E-06	3.2293E-06	-0.000056792	-4.1912E-06	-4.9402E-06
11872	2.4634E-06	6.0946E-07	1.6339E-06	0.000011267	9.5213E-07	1.1247E-06
11872	-0.000010832	-0.000004742	3.2812E-06	-0.000036873	-0.000004365	-0.000005149
11873	-2.7104E-06	-1.3087E-06	0.000001547	-8.2848E-06	1.3221E-06	1.5624E-06
11873	-5.5897E-06	-0.000002746	3.3031E-06	-0.000017023	-4.4569E-06	-5.2671E-06
11874	-7.8862E-06	-3.1459E-06	1.4372E-06	-0.000027642	1.6905E-06	2.0022E-06
11874	-3.0904E-07	-7.9228E-07	3.2834E-06	2.7255E-06	-4.4603E-06	-5.2854E-06
11875	-0.000013063	-4.8794E-06	1.2947E-06	-0.000046751	2.0512E-06	2.4375E-06
11875	5.0189E-06	1.0992E-06	3.2213E-06	0.000022337	-4.3679E-06	-5.1938E-06
11876	-0.000018182	-6.5533E-06	1.1104E-06	-0.000065605	2.3979E-06	2.8557E-06
11876	0.00001038	2.9619E-06	3.0964E-06	0.000041837	-0.000004175	-4.9756E-06
11877	-0.000023109	-8.3899E-06	8.9547E-07	-0.000084493	2.7261E-06	3.2373E-06
11877	0.000015686	4.9738E-06	2.9197E-06	0.000061544	-3.8794E-06	-4.6111E-06
11878	-0.000027654	-0.00001076	6.8014E-07	-0.00010396	3.0334E-06	3.5617E-06
11878	0.000020787	7.4811E-06	2.6469E-06	0.000082012	-3.4774E-06	-4.0881E-06
11879	-0.00003159	-0.000014014	4.4511E-07	-0.00012443	3.3229E-06	3.8211E-06
11879	0.000025458	0.000010835	2.3328E-06	0.00010375	-2.9681E-06	-3.4187E-06
11880	-0.000034838	-0.000018395	2.5039E-07	-0.00014624	3.5947E-06	4.0178E-06
11880	0.00002957	0.000015314	1.9479E-06	0.00012711	-0.000002353	-2.6354E-06
11881	-0.00003761	-0.000023806	5.2675E-08	-0.00016964	0.000003844	4.1659E-06
11881	0.000033291	0.000020924	1.4614E-06	0.00015242	-1.6411E-06	-1.7822E-06
11882	-0.000040483	-0.000029623	-6.1834E-08	-0.00019421	4.0726E-06	4.3029E-06
11882	0.000037111	0.000027104	9.0434E-07	0.0001794	-8.6876E-07	-9.183E-07
11883	-0.000044187	-0.000034811	-2.1667E-07	-0.00021926	4.2825E-06	4.4655E-06
11883	0.000041743	0.000032887	2.7122E-07	0.00020725	-8.5249E-08	-8.5947E-08
11884	-0.000049179	-0.000038645	-4.362E-07	-0.0002441	4.4683E-06	4.6614E-06
11884	0.00004769	0.000037527	-4.2941E-07	0.00023534	6.6332E-07	6.9697E-07
11885	-0.000055205	-0.000041265	-6.4336E-07	-0.00026831	4.6227E-06	4.8657E-06
11885	0.000054797	0.000041094	-1.1728E-06	0.00026349	1.3432E-06	1.4189E-06
11886	-0.000061226	-0.000043624	-9.0456E-07	-0.00029184	4.7252E-06	5.0162E-06
11886	0.000062085	0.000044486	-1.8809E-06	0.00029167	1.9533E-06	2.0773E-06
11887	-0.000066229	-0.000046651	-1.1786E-06	-0.00031452	4.7401E-06	5.0428E-06
11887	0.000068534	0.000048632	-2.5612E-06	0.00031977	2.5108E-06	2.6734E-06
11888	-0.000069886	-0.000050634	-1.4326E-06	-0.00033621	0.000004644	4.9172E-06
11888	0.000073765	0.000053858	-3.0952E-06	0.00034786	3.0002E-06	3.1777E-06
11889	-0.000072098	-0.000055458	-0.000001624	-0.00035622	4.4593E-06	4.6731E-06
11889	0.000077631	0.000060103	-0.000003246	0.00037579	3.3605E-06	3.5219E-06
11890	-0.00010978	-0.00009402	-3.0117E-06	-0.00057029	4.0275E-06	4.1569E-06
11890	0.000012073	7.4256E-06	-4.4929E-06	0.000045983	3.4517E-06	3.5618E-06
11891	-0.00042573	-0.00042891	6.0946E-06	-0.0023592	2.4394E-06	2.4754E-06
11891	-0.00039255	-0.00040131	5.2582E-06	-0.0021921	2.3602E-06	2.3935E-06
11892	-0.00071979	-0.00082637	5.3248E-07	-0.0042849	6.3306E-07	6.282E-07
11892	-0.00075832	-0.00087203	-5.1355E-07	-0.0045201	7.1385E-07	7.0776E-07
11893	-0.00063444	-0.00087059	8.3608E-07	-0.0041649	-5.3058E-09	-2.9321E-09
11893	-0.00066675	-0.00091281	1.5367E-06	-0.0043701	1.526E-08	1.6586E-08
11894	-0.00041136	-0.00066716	1.8311E-06	-0.0029765	-2.2657E-08	-2.2046E-08
11894	-0.0004117	-0.00066637	1.3899E-06	-0.0029761	-2.4589E-08	-2.3449E-08
11895	-0.00020696	-0.00037626	-1.0097E-06	-0.0016103	2.5162E-07	2.2529E-07
11895	-0.00020408	-0.00037155	-0.000001351	-0.0015899	1.4518E-07	1.2983E-07
11896	-0.00007409	-0.00014192	-4.9194E-06	-0.00060396	5.3536E-07	4.789E-07
11896	-0.000091717	-0.00017497	-4.2126E-06	-0.00074238	7.7361E-07	6.9222E-07
11897	-0.000093079	-0.00017065	-3.5344E-06	-0.00073353	1.2467E-06	1.1215E-06
11897	0.000036494	0.000062118	-7.2578E-06	0.00025935	2.0115E-06	1.8077E-06
11898	-0.00027986	-0.00048187	9.4515E-06	-0.0020859	4.1813E-06	3.7966E-06
11898	0.00025983	0.0004449	-0.000014854	0.0019191	3.2041E-06	2.9068E-06
11899	-0.00046335	-0.00077623	0.000022108	-0.0033839	8.6674E-06	0.000007917
11899	0.00044886	0.00075406	-0.000011688	0.0033011	1.6115E-06	1.4545E-06
11900	-0.00055128	-0.00096187	0.000023311	-0.0041345	0.000011622	0.000010587
11900	0.00053854	0.00094242	-0.000011674	0.0040662	-1.8607E-06	-1.7379E-06
11901	-0.00058008	-0.0011566	0.000020822	-0.0047438	0.000012758	0.000011447
11901	0.00056981	0.0011391	-0.000011641	0.0046836	-4.4147E-06	-4.0381E-06
11902	-0.00057061	-0.0013863	0.000018213	-0.0053319	0.000012907	0.000011319
11902	0.00056226	0.0013697	-0.000010358	0.0052772	-6.1718E-06	-5.5176E-06
11903	-0.00056428	-0.0016119	0.000013857	-0.0059181	0.000012663	0.000010992
11903	0.00055829	0.0015969	-0.000010132	0.0058675	-0.000007503	-0.000006656
11904	-0.00061579	-0.0017816	0.000010884	-0.0065258	0.000011327	0.000010019
11904	0.00061085	0.0017683	-9.1302E-06	0.0064789	-7.6189E-06	-0.000006915
11905	-0.0007485	-0.0018697	0.000008101	-0.0071581	8.7452E-06	8.1717E-06
11905	0.00074406	0.0018582	-8.6063E-06	0.0071138	-6.2451E-06	-6.0363E-06
11906	-0.00093725	-0.0019005	6.0507E-06	-0.0077984	5.8296E-06	6.0121E-06
11906	0.0009325	0.0018903	-7.3974E-06	0.0077551	-4.2833E-06	-4.6468E-06
11907	-0.0011187	-0.0019363	4.1804E-06	-0.0084247	2.2444E-06	3.0448E-06
11907	0.0011142	0.0019278	-0.000006638	0.0083843	-1.6408E-06	-2.4954E-06
11908	-0.0012495	-0.0020232	0.00000403	-0.0090357	-2.1983E-06	-9.1492E-07
11908	0.0012443	0.0020147	-4.3674E-06	0.0089973	1.6772E-06	4.4044E-07
11909	-0.0013376	-0.0021541	3.5619E-06	-0.0096423	-7.0131E-06	-0.000005331
11909	0.0013324	0.0021455	-5.1687E-06	0.0096014	5.2281E-06	3.6967E-06
11910	-0.0014393	-0.0022726	5.9213E-06	-0.010249	-0.000011268	-9.3606E-06
11910	0.0014337	0.0022636	-0.000006351	0.010208	8.3895E-06	6.7099E-06
11911	-0.0016086	-0.0023224	9.3535E-06	-0.010861	-0.000013043	-0.00001133
11911	0.0016025	0.0023138	-8.8727E-06	0.010821	9.6183E-06	8.1259E-06
11912	-0.0018462	-0.0023002	0.000013394	-0.011465	-0.000010447	-9.3049E-06
11912	0.0018389	0.0022912	-0.000012671	0.011421	7.4105E-06	6.3963E-06
11913	-0.0021053	-0.0022498	0.000015524	-0.012048	-3.2073E-06	-2.4858E-06
11913	0.002097	0.0022409	-0.000015487	0.012001	1.3065E-06	6.1973E-07
11914	-0.0017278	-0.0017088	8.0618E-06	-0.009516	-0.000012101	-0.000011683
11914	0.0016366	0.0016198	-9.0563E-06	0.0090146	0.00001145	0.000011048
11915	-0.00063422	-0.00062572	-7.7357E-07	-0.0034952	-0.000013032	-0.000012792
11915	0.00042622	0.00038303	-4.1596E-07	0.0022442	0.000012699	0.000012487
11916	-0.000042516	-0.000068004	-5.7454E-07	-0.00030628	-3.3045E-07	-2.9015E-07
11916	-0.00013996	-0.00020907	-8.0004E-07	-0.00096638	-1.1409E-06	-1.0379E-06
11917	-0.000014962	-0.000024717	-4.6646E-07	-0.00011056	-1.7302E-06	-1.4876E-06
11917	-0.000054146	-0.00011598	-1.0822E-07	-0.00046776	-1.9725E-06	-1.6819E-06
11918	0.000028621	0.00011696	8.4832E-07	0.00039543	-4.1958E-06	-3.3904E-06
11918	-0.000018934	-0.000065153	-1.4196E-06	-0.00023105	-3.5374E-06	-2.8734E-06
11919	-0.00014658	-0.00089392	4.0741E-06	-0.0027798	-9.0181E-06	-7.0188E-06
11919	0.00017714	0.0010456	-4.7792E-06	0.003269	-8.3419E-06	-6.4818E-06
11920	-0.0005646	-0.0029879	-7.2887E-06	-0.009562	-0.000016584	-0.000012914
11920	0.00057697	0.0030663	0.000011073	0.0098119	-0.00001396	-0.000010828
11921	-0.00082725	-0.0038459	-0.000018456	-0.012636	-0.000021961	-0.000017432
11921	0.00082512	0.0038454	0.000026584	0.012643	-0.000013776	-0.000010772
11922	-0.00086434	-0.0036235	-0.000016701	-0.012166	-0.000023087	-0.000018642
11922	0.00086163	0.0036224	0.000026708	0.012173	-0.000010447	-8.1367E-06
11923	-0.00081504	-0.0034974	-0.000014901	-0.011681	-0.0000227	-0.000018423
11923	0.00081245	0.0034961	0.000024327	0.011687	-8.5274E-06	-0.000006448
11924	-0.00067673	-0.0034642	-0.000012092	-0.011161	-0.000021327	-0.000017145
11924	0.00067409	0.0034624	0.000021021	0.011165	-7.4618E-06	-5.3453E-06
11925	-0.00046259	-0.00351	-8.5251E-06	-0.0106	-0.000019416	-0.000015212
11925	0.00045965	0.0035075	0.000017925	0.010601	-6.8429E-06	-4.5752E-06
11926	-0.00019324	-0.003611	-4.8227E-06	-0.0099855	-0.000016913	-0.000012757
11926	0.00019002	0.0036075	0.0000149	0.0099849	-0.000006743	-4.1689E-06
11927	0.00011084	-0.0037459	-2.0215E-06	-0.0093111	-0.000014014	-0.000010069
11927	-0.00011435	0.0037412	0.000013144	0.0093084	-7.0047E-06	-0.000003999
11928	0.0004309	-0.0038974	0.000001332	-0.0085725	-0.000011103	-7.5071E-06
11928	-0.00043481	0.0038912	0.000011683	0.0085679	-7.3427E-06	-3.8687E-06
11929	0.00074971	-0.0040479	4.2209E-06	-0.0077674	-8.1387E-06	-5.1978E-06
11929	-0.00075379	0.0040398	0.000010595	0.007761	-7.8784E-06	-0.00000376
11930	0.0010509	-0.004182	7.3952E-06	-0.0068993	-0.000005557	-3.3606E-06
11930	-0.0010552	0.0041714	0.000010195	0.0068911	-8.2532E-06	-3.5199E-06
11931	0.0013174	-0.0042817	9.9225E-06	-0.0059788	-3.1758E-06	-1.9219E-06
11931	-0.0013214	0.0042688	9.3144E-06	0.0059695	-8.7471E-06	-3.2636E-06
11932	0.0015344	-0.0043317	0.000012141	-0.0050244	-1.2987E-06	-9.5455E-07
11932	-0.0015381	0.0043162	9.3263E-06	0.0050145	-9.1221E-06	-2.9085E-06
11933	0.0016934	-0.0043244	0.000013315	-0.0040614	5.3272E-08	-3.4874E-07
11933	-0.0016965	0.004306	9.6751E-06	0.0040512	-9.3802E-06	-2.5078E-06
11934	0.0017893	-0.0042548	0.00001414	-0.0031166	1.3469E-06	6.3696E-08
11934	-0.0017911	0.0042335	9.6803E-06	0.0031067	-0.000010045	-2.1703E-06
11935	0.0018238	-0.0041266	0.000014389	-0.0022143	2.7819E-06	5.1991E-08
11935	-0.0018241	0.0041022	9.7155E-06	0.0022055	-0.000011204	-1.5581E-06
11936	0.0018009	-0.0039451	0.000014799	-0.0013789	2.4497E-06	1.8323E-08
11936	-0.0017999	0.0039179	9.7043E-06	0.0013722	-0.000010828	-9.9723E-07
11937	0.0017251	-0.0037125	0.000015425	-0.00063582	2.3099E-06	2.6418E-07
11937	-0.0017226	0.0036827	8.9289E-06	0.00063224	-0.000011044	-7.5602E-07
11938	0.0016076	-0.0034399	0.000014297	-1.3146E-06	2.4719E-06	6.5789E-08
11938	-0.0016037	0.0034075	9.7357E-06	1.5007E-06	-0.000011935	-4.4579E-08
11939	0.0014602	-0.0031411	0.000013542	0.00051876	1.8894E-06	-4.8985E-08
11939	-0.001455	0.0031067	9.6618E-06	-0.00051409	-0.000012242	6.5657E-07
11940	0.0012951	-0.0028287	0.000012412	0.00092103	1.3104E-06	-6.5746E-08
11940	-0.0012887	0.0027927	9.4717E-06	-0.00091136	-0.000012592	1.3364E-06
11941	0.0011239	-0.0025155	0.000011673	0.0012063	4.0996E-07	4.3988E-08
11941	-0.0011168	0.002478	9.3264E-06	-0.0011913	-0.000012525	1.9359E-06
11942	0.00095717	-0.0022107	0.000010811	0.0013768	-4.1965E-07	2.1262E-07
11942	-0.00094928	0.002172	8.7069E-06	-0.0013563	-0.000012362	2.4664E-06
11943	0.00080258	-0.0019209	9.8275E-06	0.0014427	-1.3087E-06	4.596E-07
11943	-0.00079437	0.0018812	0.000008777	-0.0014172	-0.000011892	2.8384E-06
11944	0.00066399	-0.0016506	9.1719E-06	0.0014259	-1.9935E-06	7.0939E-07
11944	-0.00065595	0.0016103	9.1559E-06	-0.001396	-0.000011333	0.00000308
11945	0.00054064	-0.0013989	8.4826E-06	0.001352	-2.6993E-06	1.0032E-06
11945	-0.00053262	0.0013582	9.0458E-06	-0.0013178	-0.000010446	3.1381E-06
11946	0.00042828	-0.0011619	0.00000833	0.0012438	-0.000003322	1.2958E-06
11946	-0.00042074	0.0011209	9.1356E-06	-0.0012057	-9.3245E-06	3.0749E-06
11947	0.00032425	-0.0009364	8.1045E-06	0.0011141	-3.6739E-06	1.4984E-06
11947	-0.00031746	0.0008955	9.2106E-06	-0.0010716	-0.000008156	2.9932E-06
11948	0.00023001	-0.00072411	7.9554E-06	0.00096257	-4.0633E-06	1.7801E-06
11948	-0.00022421	0.00068322	9.3056E-06	-0.00091499	-6.6546E-06	2.7016E-06
11949	0.00015031	-0.00053042	7.8376E-06	0.00078581	-4.0078E-06	1.9094E-06
11949	-0.00014587	0.00048985	9.6393E-06	-0.00073327	-5.3796E-06	2.3934E-06
11950	0.000089129	-0.00035974	7.9903E-06	0.00058336	-3.8418E-06	1.9535E-06
11950	-0.000086114	0.00031974	9.7829E-06	-0.00052684	-4.0677E-06	1.9539E-06
11951	0.000045213	-0.0002097	8.2585E-06	0.00036042	-3.7001E-06	1.9549E-06
11951	-0.000043264	0.0001701	9.7407E-06	-0.00030103	-2.6501E-06	1.3444E-06
11952	0.000012408	-0.000072189	8.3582E-06	0.00012503	-3.4505E-06	1.8614E-06
11952	-0.000011211	0.000032768	9.9376E-06	-0.000063705	-1.3034E-06	6.8628E-07
11953	-0.000013311	0.000056722	8.2719E-06	-0.00011548	-2.8454E-06	1.5645E-06
11953	0.000013775	-0.000095862	0.00001018	0.00017862	-2.8514E-07	1.5908E-07
11954	-0.000030009	0.00017384	8.3112E-06	-0.00035977	-2.2106E-06	1.2435E-06
11954	0.000029349	-0.00021228	0.000010164	0.00042533	7.0193E-07	-3.8422E-07
11955	-0.000032735	0.00027374	8.5007E-06	-0.00061055	-1.6123E-06	9.2714E-07
11955	0.000030411	-0.00031101	9.9396E-06	0.00067923	1.6701E-06	-9.7804E-07
11956	-0.000021467	0.00035599	0.000008539	-0.00086363	-8.1373E-07	4.5574E-07
11956	0.0000173	-0.00039182	9.7445E-06	0.00093546	2.3112E-06	-1.4445E-06
11957	-3.6379E-06	0.0004284	8.4308E-06	-0.0011117	-1.5393E-07	1.5325E-08
11957	-1.9889E-06	-0.00046288	9.5665E-06	0.0011856	2.9173E-06	-1.9099E-06
11958	0.000014257	0.00049871	8.2667E-06	-0.001353	5.8759E-07	-5.1191E-07
11958	-0.000020848	-0.0005322	9.5222E-06	0.001428	3.2601E-06	-2.1985E-06
11959	0.000037547	0.00056185	7.8123E-06	-0.0015918	0.000001092	-9.1026E-07
11959	-0.00004488	-0.00059427	9.2726E-06	0.0016677	3.6573E-06	-2.5262E-06
11960	0.000079451	0.00060354	7.4883E-06	-0.0018333	1.6599E-06	-1.3898E-06
11960	-0.000088109	-0.0006343	9.0319E-06	0.0019102	3.7679E-06	-0.000002703
11961	0.00014442	0.00061877	0.00000718	-0.0020748	2.1729E-06	-1.8752E-06
11961	-0.00015488	-0.00064716	8.4797E-06	0.0021527	3.6812E-06	-2.7886E-06
11962	0.00021542	0.00062428	6.7643E-06	-0.0023041	2.4135E-06	-2.1793E-06
11962	-0.00022746	-0.00065025	7.9669E-06	0.0023822	0.000003626	-2.8784E-06
11963	0.00026651	0.00064675	6.5378E-06	-0.0025156	2.6152E-06	-2.4189E-06
11963	-0.0002794	-0.00067139	7.8672E-06	0.0025933	3.4215E-06	-2.7713E-06
11964	0.00029182	0.00069483	5.5925E-06	-0.0027164	2.6322E-06	-2.4526E-06
11964	-0.00030425	-0.00071868	7.2272E-06	0.0027934	0.000003269	-2.6368E-06
11965	0.00031959	0.00073951	5.4829E-06	-0.0029167	2.5461E-06	-2.3992E-06
11965	-0.00033209	-0.000763	7.3645E-06	0.0029929	3.1134E-06	-2.5005E-06
11966	0.00038873	0.00074095	4.8137E-06	-0.0031207	2.5133E-06	-2.4532E-06
11966	-0.00040212	-0.00076312	6.7666E-06	0.0031983	2.8315E-06	-2.3145E-06
11967	0.00050938	0.0006872	4.5782E-06	-0.0033196	2.5362E-06	-2.6295E-06
11967	-0.00052525	-0.00070743	0.000006469	0.0034	2.4399E-06	-2.0765E-06
11968	0.00065274	0.00060666	4.0055E-06	-0.0034976	2.5318E-06	-2.8105E-06
11968	-0.00067121	-0.00062411	6.1386E-06	0.0035792	2.0214E-06	-1.7919E-06
11969	0.00077575	0.00054158	3.8879E-06	-0.0036519	2.4199E-06	-2.8471E-06
11969	-0.0007964	-0.00055699	6.0809E-06	0.003734	1.6416E-06	-1.4737E-06
11970	0.00086334	0.00050897	3.2688E-06	-0.0037948	2.1497E-06	-2.6479E-06
11970	-0.00088502	-0.00052292	5.5259E-06	0.0038776	1.3296E-06	-1.1639E-06
11971	0.0009275	0.0004979	0.000003273	-0.0039353	1.7392E-06	-2.2471E-06
11971	-0.00094971	-0.00051114	5.5374E-06	0.0040175	1.0687E-06	-8.7784E-07
11972	0.00099108	0.00048647	2.8766E-06	-0.0040713	1.2591E-06	-1.7498E-06
11972	-0.0010135	-0.0004988	5.2204E-06	0.0041527	8.3233E-07	-6.0916E-07
11973	0.0010686	0.00045936	2.6039E-06	-0.0041977	7.7499E-07	-1.2384E-06
11973	-0.0010918	-0.00047075	5.0592E-06	0.0042792	6.2825E-07	-3.7429E-07
11974	0.0011623	0.00041407	2.4386E-06	-0.0043109	3.5228E-07	-7.7972E-07
11974	-0.0011866	-0.00042429	0.000004952	0.0043924	4.6093E-07	-1.7742E-07
11975	0.0012717	0.00035045	2.2956E-06	-0.0044066	3.5542E-08	-4.2398E-07
11975	-0.0012974	-0.00035921	0.000004821	0.0044878	3.234E-07	-8.7091E-09
11976	0.0013955	0.00026951	2.1515E-06	-0.0044809	-1.7796E-07	-1.7275E-07
11976	-0.0014228	-0.00027655	0.00000462	0.0045615	2.2219E-07	1.2434E-07
11977	0.0015306	0.00017373	2.1914E-06	-0.0045302	-3.2167E-07	9.5399E-09
11977	-0.0015599	-0.00017899	4.6141E-06	0.0046104	1.6072E-07	2.1436E-07
11978	0.0016684	0.00007184	1.9155E-06	-0.0045566	-4.3608E-07	1.7185E-07
11978	-0.0016995	-0.000075097	4.2952E-06	0.0046361	1.2548E-07	2.7388E-07
11979	0.001795	-0.000022487	2.0516E-06	-0.0045701	-5.7838E-07	3.9022E-07
11979	-0.0018276	0.000020837	4.2376E-06	0.0046479	1.1526E-07	3.0039E-07
11980	0.0019005	-0.000098771	2.0583E-06	-0.0045826	-7.8733E-07	7.2436E-07
11980	-0.0019343	0.000098434	4.1326E-06	0.0046593	1.314E-07	2.8561E-07
11981	0.001985	-0.00015637	1.9293E-06	-0.0046002	-1.0624E-06	1.1763E-06
11981	-0.0020199	0.00015711	3.8774E-06	0.0046769	1.7312E-07	2.2657E-07
11982	0.0020565	-0.00020334	2.3111E-06	-0.00462	-1.3549E-06	1.6769E-06
11982	-0.0020929	0.00020466	0.000004131	0.004697	2.288E-07	1.351E-07
11983	0.0021274	-0.00025154	2.3991E-06	-0.0046308	-1.6151E-06	2.1508E-06
11983	-0.0021657	0.00025375	0.000004043	0.0047095	3.1403E-07	-1.2522E-08
11984	0.002207	-0.0003101	0.000002503	-0.0046238	-1.7884E-06	2.5146E-06
11984	-0.0022469	0.00031331	4.0406E-06	0.004703	4.4001E-07	-2.3953E-07
11985	0.002298	-0.00038172	2.6562E-06	-0.0045938	-0.000001838	2.7079E-06
11985	-0.0023384	0.00038591	4.0235E-06	0.0046703	6.0555E-07	-5.5947E-07
11986	0.0023993	-0.00046611	2.6203E-06	-0.0045354	-1.7613E-06	0.000002707
11986	-0.0024398	0.0004715	3.8175E-06	0.0046081	8.0703E-07	-9.7679E-07
11987	0.002506	-0.00055927	2.5118E-06	-0.0044482	-1.5808E-06	0.000002526
11987	-0.0025473	0.0005661	0.000003519	0.004518	0.00000103	-1.4827E-06
11988	0.0026121	-0.00065538	2.5896E-06	-0.0043365	-1.3424E-06	2.2187E-06
11988	-0.0026546	0.00066364	3.3578E-06	0.0044038	1.2564E-06	-2.0539E-06
11989	0.0027111	-0.00074782	2.5009E-06	-0.0042088	-1.0974E-06	1.8621E-06
11989	-0.0027547	0.0007576	2.9724E-06	0.0042738	1.4669E-06	-2.6515E-06
11990	0.0027972	-0.0008308	2.5534E-06	-0.0040759	-8.8889E-07	1.5406E-06
11990	-0.0028417	0.00084187	2.6577E-06	0.0041384	1.6434E-06	-3.2277E-06
11991	0.0028671	-0.00090066	2.4524E-06	-0.0039476	-7.4545E-07	1.3271E-06
11991	-0.0029124	0.00091293	2.1654E-06	0.0040079	1.7763E-06	-3.7379E-06
11992	0.0029197	-0.00095578	2.3358E-06	-0.003832	-6.7849E-07	1.2692E-06
11992	-0.0029654	0.00096903	1.6416E-06	0.0038903	1.8642E-06	-0.000004153
11993	0.0029567	-0.00099764	2.3537E-06	-0.0037312	-6.8134E-07	1.3722E-06
11993	-0.0030028	0.0010116	1.2459E-06	0.0037878	1.9109E-06	-4.4632E-06
11994	0.002984	-0.0010316	2.1544E-06	-0.0036371	-7.3235E-07	1.6022E-06
11994	-0.0030304	0.0010464	6.8613E-07	0.0036926	1.9231E-06	-4.6861E-06
11995	0.0030091	-0.0010653	2.1478E-06	-0.003535	-8.041E-07	1.9076E-06
11995	-0.0030557	0.0010807	3.4871E-07	0.0035888	1.9076E-06	-4.8586E-06
11996	0.0030367	-0.0011034	2.1818E-06	-0.003412	-8.7661E-07	2.2529E-06
11996	-0.0030834	0.0011193	7.4845E-08	0.0034637	1.8734E-06	-5.0251E-06
11997	0.0030638	-0.0011434	2.1598E-06	-0.0032704	-9.4542E-07	2.6322E-06
11997	-0.0031114	0.0011603	-2.1381E-07	0.0033205	0.000001831	-5.2103E-06
11998	0.0030812	-0.0011761	2.1718E-06	-0.0031344	-0.000001029	3.0824E-06
11998	-0.0031296	0.0011938	-4.6344E-07	0.003183	1.8066E-06	-5.4473E-06
11999	0.0030845	-0.0011964	2.2095E-06	-0.0030218	-1.1291E-06	3.5918E-06
11999	-0.0031325	0.0012143	-7.0746E-07	0.0030683	1.8195E-06	-5.7664E-06
12000	0.0030847	-0.0012155	2.6375E-06	-0.002902	-1.2007E-06	4.0585E-06
12000	-0.0031325	0.0012335	-6.9885E-07	0.0029464	1.8485E-06	-6.1787E-06
12001	0.0030961	-0.0012484	2.7452E-06	-0.0027236	-0.000001198	4.4149E-06
12001	-0.0031446	0.0012672	-1.1021E-06	0.0027658	1.8524E-06	-0.0000067
12002	0.0031181	-0.0012954	3.2683E-06	-0.0024713	-1.1114E-06	4.6571E-06
12002	-0.0031677	0.0013151	-1.2872E-06	0.0025101	1.7825E-06	-7.2447E-06
12003	0.0031308	-0.0013367	3.4758E-06	-0.0022004	-9.9987E-07	4.8808E-06
12003	-0.0031809	0.0013574	-1.9734E-06	0.0022353	1.6411E-06	-7.6442E-06
12004	0.003113	-0.0013511	0.000003456	-0.0020005	-9.6475E-07	5.3037E-06
12004	-0.0031634	0.0013726	-2.7676E-06	0.0020328	1.5004E-06	-7.8134E-06
12005	0.0030672	-0.0013398	3.6715E-06	-0.0018944	-1.0248E-06	5.9531E-06
12005	-0.0031172	0.0013618	-0.000003951	0.0019254	1.3712E-06	-7.6477E-06
12006	0.0030128	-0.0013211	4.0161E-06	-0.001815	-1.1115E-06	6.6882E-06
12006	-0.0030624	0.0013432	-4.9289E-06	0.001845	1.2037E-06	-7.1569E-06
12007	0.0029641	-0.0013098	4.9338E-06	-0.0016896	-1.1312E-06	7.3204E-06
12007	-0.0030141	0.0013322	-5.4214E-06	0.0017182	9.5526E-07	-6.3928E-06
12008	0.0029189	-0.0013043	5.3333E-06	-0.0015135	-1.0621E-06	7.7814E-06
12008	-0.0029704	0.0013277	-6.2355E-06	0.0015403	6.4646E-07	-0.000005377
12009	0.0028657	-0.0012929	5.7909E-06	-0.0013481	-9.7523E-07	8.1426E-06
12009	-0.0029182	0.001317	-6.8331E-06	0.0013729	3.3325E-07	-4.0806E-06
12010	0.0027982	-0.0012687	6.2819E-06	-0.0012433	-9.4194E-07	8.5011E-06
12010	-0.0028503	0.0012929	-7.5472E-06	0.0012667	4.2664E-08	-2.5106E-06
12011	0.0027216	-0.0012368	6.9392E-06	-0.0011772	-9.4347E-07	8.8323E-06
12011	-0.0027739	0.0012611	-0.000008039	0.0012	-2.404E-07	-7.329E-07
12012	0.0026439	-0.001205	7.6264E-06	-0.0011031	-9.1951E-07	9.0448E-06
12012	-0.0026976	0.0012296	-8.2174E-06	0.0011256	-5.1255E-07	1.1264E-06
12013	0.0025677	-0.0011758	8.5548E-06	-0.0010003	-8.3789E-07	9.0848E-06
12013	-0.0026224	0.0012006	-8.1153E-06	0.0010215	-7.4243E-07	0.000002942
12014	0.0024902	-0.0011469	9.4362E-06	-0.00087884	-7.1534E-07	8.9712E-06
12014	-0.0025455	0.0011715	-7.8587E-06	0.00089815	-9.0545E-07	4.6291E-06
12015	0.0024076	-0.0011145	0.000010056	-0.00076245	-5.8649E-07	8.7179E-06
12015	-0.0024641	0.0011394	-7.7283E-06	0.00078005	-0.00000101	6.1829E-06
12016	0.0023188	-0.0010778	0.000010642	-0.0006602	-4.6963E-07	8.3592E-06
12016	-0.0023769	0.0011032	-0.000007422	0.00067638	-1.0681E-06	7.5823E-06
12017	0.0022256	-0.0010384	0.000011203	-0.00056259	-3.5368E-07	0.00000788
12017	-0.0022847	0.0010639	-7.0486E-06	0.00057714	-1.0786E-06	8.8309E-06
12018	0.0021283	-0.00099664	0.00001174	-0.00046226	-2.3182E-07	7.2624E-06
12018	-0.0021884	0.0010223	-6.7491E-06	0.0004749	-1.0357E-06	0.000009935
12019	0.002026	-0.00095172	0.000011994	-0.00036637	-1.1812E-07	6.5117E-06
12019	-0.0020873	0.0009778	-6.5284E-06	0.00037709	-9.5251E-07	0.000010908
12020	0.0019184	-0.00090333	0.000012121	-0.00028848	-3.0014E-08	5.6353E-06
12020	-0.001981	0.00092986	-6.2797E-06	0.00029756	-8.6165E-07	0.000011778
12021	0.0018068	-0.00085211	0.000012124	-0.00023166	3.073E-08	4.6299E-06
12021	-0.0018703	0.00087898	-5.9471E-06	0.00023952	-7.8237E-07	0.000012555
12022	0.0016922	-0.0007991	0.000012031	-0.00018437	7.5616E-08	3.5027E-06
12022	-0.0017569	0.00082636	-0.000005523	0.00019115	-6.9727E-07	0.000013203
12023	0.0015752	-0.00074472	0.000011818	-0.00013667	1.0981E-07	2.2804E-06
12023	-0.0016411	0.00077247	-5.0101E-06	0.00014216	-5.8352E-07	0.000013669
12024	0.0014555	-0.0006888	0.000011371	-0.000092736	1.2742E-07	1.0037E-06
12024	-0.0015225	0.00071705	-0.000004481	0.000096826	-4.5468E-07	0.000013935
12025	0.0013333	-0.0006314	0.000010789	-0.00006197	1.2693E-07	-2.754E-07
12025	-0.0014012	0.00066007	-3.9282E-06	0.000064996	-3.476E-07	0.000014005
12026	0.0012095	-0.00057293	0.000010016	-0.000046409	1.1701E-07	-1.4983E-06
12026	-0.0012783	0.00060211	-3.2769E-06	0.000048956	-2.8183E-07	0.00001387
12027	0.0010851	-0.0005141	9.1104E-06	-0.000039185	1.0559E-07	-2.5775E-06
12027	-0.001155	0.00054385	-2.5404E-06	0.000041624	-2.4221E-07	0.00001346
12028	0.00096066	-0.0004552	8.1602E-06	-0.000030943	8.9829E-08	-3.4041E-06
12028	-0.0010313	0.00048533	-1.6361E-06	0.000033129	-1.9417E-07	0.000012681
12029	0.00083536	-0.00039589	7.1379E-06	-0.000018611	6.4023E-08	-3.8922E-06
12029	-0.00090653	0.00042636	-8.1807E-07	0.000020111	-1.2426E-07	0.000011505
12030	0.00070859	-0.0003358	5.9777E-06	-6.4808E-06	3.3297E-08	-3.9911E-06
12030	-0.00078025	0.0003667	-8.4128E-08	7.0743E-06	-5.4028E-08	9.9781E-06
12031	0.00058039	-0.00027501	4.8039E-06	8.995E-07	9.5706E-09	-0.000003677
12031	-0.00065243	0.00030634	5.5385E-07	-1.0398E-06	-8.5416E-09	8.1934E-06
12032	0.00045103	-0.00021367	3.6407E-06	3.3351E-06	-2.0066E-09	-2.9551E-06
12032	-0.00052334	0.00024545	1.0385E-06	-3.8749E-06	9.6468E-09	6.2745E-06
12033	0.00032079	-0.00015197	2.5912E-06	3.3258E-06	-4.6887E-09	-1.8745E-06
12033	-0.00039338	0.00018425	0.000001298	-4.0827E-06	1.3241E-08	4.3749E-06
12034	0.00013634	-0.000064874	1.7084E-06	1.6643E-06	-1.8884E-09	-5.3291E-07
12034	-0.00031741	0.00014854	1.3122E-06	-4.3832E-06	1.1937E-08	2.6976E-06
12035	-0.00039521	0.00018521	1.0558E-06	-8.7807E-06	5.3491E-09	7.7071E-07
12035	-0.00060654	0.00028454	1.0205E-06	-0.000012446	1.0164E-08	0.000001594
12036	-0.00099148	0.00046546	8.8935E-07	-0.00002668	8.947E-09	1.0425E-06
12036	-0.0010453	0.00049076	8.4247E-07	-0.000027905	7.8986E-09	9.3335E-07
12037	-0.0011655	0.00054706	1.1402E-06	-0.000041464	1.0385E-09	1.6564E-07
12037	-0.0011852	0.00055636	1.0572E-06	-0.000042227	4.459E-10	1.1468E-07
12038	-0.0010478	0.00049168	1.1221E-06	-0.000049216	-1.9844E-08	-1.1234E-06
12038	-0.0010759	0.00050486	1.1179E-06	-0.000050536	-1.9978E-08	-1.1328E-06
12039	-0.00082713	0.00038756	1.8814E-06	-0.000049081	-6.0852E-08	-2.8762E-06
12039	-0.00076548	0.00035871	1.6642E-06	-0.000044862	-6.0293E-08	-2.8517E-06
12040	-0.00052961	0.00024746	0.000002545	-0.000036301	-1.3202E-07	-5.4642E-06
12040	-0.00043074	0.00020122	0.000002173	-0.000029583	-1.245E-07	-5.1517E-06
12041	0.00018027	-0.000084632	9.3186E-08	0.000016218	-2.1004E-07	-7.8641E-06
12041	-0.00056051	0.00026139	3.6091E-06	-0.000044745	-0.00000022	-8.2058E-06
12042	0.0010692	-0.00049794	-7.8579E-06	0.00009794	-1.5597E-07	-5.4128E-06
12042	-0.0011206	0.00052179	0.000008431	-0.00010203	-2.9947E-07	-9.8507E-06
12043	0.0014244	-0.00066279	-0.000011141	0.00014571	4.6474E-09	-2.3861E-07
12043	-0.0014074	0.00065632	7.9325E-06	-0.00014407	-3.9469E-07	-0.000010985
12044	0.0014023	-0.00065171	-0.00001206	0.00015919	1.5335E-07	3.2692E-06
12044	-0.0013854	0.00064679	5.6677E-06	-0.0001575	-5.4465E-07	-0.000013397
12045	0.0013737	-0.00063822	-0.000011546	0.00016986	3.0571E-07	6.1627E-06
12045	-0.0013583	0.00063468	3.7269E-06	-0.00016827	-7.0355E-07	-0.000015603
12046	0.0013429	-0.00062412	-0.000010218	0.00017863	4.4949E-07	8.3904E-06
12046	-0.0013297	0.00062167	2.3127E-06	-0.00017722	-8.6035E-07	-0.000017446
12047	0.0013109	-0.00060969	-8.4404E-06	0.00018625	5.8164E-07	0.000010052
12047	-0.0012999	0.00060799	1.0746E-06	-0.00018502	-1.0094E-06	-0.000018876
12048	0.0012782	-0.00059494	-6.5611E-06	0.00019409	7.0588E-07	0.000011278
12048	-0.0012691	0.00059383	-9.7984E-08	-0.00019304	-1.1516E-06	-0.000019882
12049	0.0012451	-0.00057994	-4.7036E-06	0.00020272	8.2789E-07	0.000012215
12049	-0.0012379	0.00057934	-1.1993E-06	-0.00020186	-1.2873E-06	-0.000020492
12050	0.0012119	-0.00056477	-0.00000299	0.00021195	9.5269E-07	0.000013001
12050	-0.0012062	0.00056455	-2.2242E-06	-0.00021125	-0.000001414	-0.000020745
12051	0.0011787	-0.00054949	-1.4664E-06	0.00022206	1.0874E-06	0.000013748
12051	-0.0011741	0.00054948	-3.1535E-06	-0.00022146	-1.5317E-06	-0.00002068
12052	0.0011457	-0.000534	-1.9267E-07	0.00023392	0.000001242	0.000014535
12052	-0.0011417	0.00053414	-4.0088E-06	-0.00023339	-1.6442E-06	-0.000020335
12053	0.0011127	-0.00051837	8.4202E-07	0.00024675	1.4184E-06	0.000015396
12053	-0.0011093	0.00051863	-4.7177E-06	-0.00024628	-1.7442E-06	-0.000019732
12054	0.0010801	-0.00050285	1.6231E-06	0.00025727	1.6035E-06	0.000016344
12054	-0.0010773	0.00050327	-5.3317E-06	-0.00025688	-1.8086E-06	-0.000018885
12055	0.0010482	-0.00048772	2.1981E-06	0.00026254	1.7811E-06	0.000017389
12055	-0.0010458	0.00048827	-5.7844E-06	-0.00026222	-1.8181E-06	-0.000017816
12056	0.001017	-0.00047311	2.6342E-06	0.00026216	1.9451E-06	0.000018554
12056	-0.001015	0.00047377	-6.0697E-06	-0.00026192	-1.7723E-06	-0.000016555
12057	0.00098643	-0.00045885	2.9228E-06	0.0002587	2.1093E-06	0.000019881
12057	-0.00098477	0.00045961	-6.1801E-06	-0.00025854	-1.6908E-06	-0.000015146
12058	0.00095603	-0.00044463	3.2019E-06	0.00025625	2.3059E-06	0.00002143
12058	-0.00095476	0.00044538	-6.0656E-06	-0.00025615	-1.5996E-06	-0.000013637
12059	0.00092529	-0.00042988	3.4321E-06	0.00026018	2.5892E-06	0.000023224
12059	-0.00092447	0.0004306	-5.7694E-06	-0.00026015	-1.5243E-06	-0.000012065
12060	0.00089376	-0.0004142	3.6255E-06	0.00027356	3.0076E-06	0.000025225
12060	-0.00089353	0.00041491	-5.3619E-06	-0.00027366	-1.4721E-06	-0.000010466
12061	0.00086182	-0.00039796	3.7502E-06	0.00029094	3.5246E-06	0.000027311
12061	-0.00086214	0.00039865	-4.9106E-06	-0.00029117	-1.4108E-06	-8.8498E-06
12062	0.0008304	-0.00038214	3.8832E-06	0.00030356	4.0342E-06	0.000029303
12062	-0.00083124	0.00038277	-4.4175E-06	-0.00030392	-1.3041E-06	-7.2149E-06
12063	0.00080029	-0.0003675	3.9742E-06	0.00030614	4.4309E-06	0.000031047
12063	-0.00080181	0.00036815	-0.000003869	-0.0003067	-1.1437E-06	-5.5643E-06
12064	0.00077153	-0.00035418	4.1499E-06	0.00029908	4.6758E-06	0.000032472
12064	-0.00077384	0.00035482	-0.000003268	-0.00029984	-9.4459E-07	-3.8972E-06
12065	0.00074344	-0.00034148	4.4274E-06	0.0002883	4.8294E-06	0.000033588
12065	-0.00074645	0.00034199	-2.5675E-06	-0.00028922	-7.3063E-07	-2.2141E-06
12066	0.00071548	-0.00032879	4.7897E-06	0.00027879	4.9716E-06	0.000034478
12066	-0.00071916	0.0003291	-1.8277E-06	-0.00027983	-5.1803E-07	-5.5886E-07
12067	0.00068739	-0.00031592	5.2122E-06	0.00027148	0.00000513	0.000035192
12067	-0.0006919	0.00031603	-1.0175E-06	-0.00027271	-3.0448E-07	1.0651E-06
12068	0.00065908	-0.00030285	5.7228E-06	0.00026598	5.3092E-06	0.000035765
12068	-0.00066464	0.00030282	-2.0798E-07	-0.00026748	-8.5621E-08	2.6527E-06
12069	0.00063083	-0.00028981	0.000006267	0.00026068	5.4831E-06	0.000036206
12069	-0.0006375	0.00028966	5.7398E-07	-0.0002625	1.3888E-07	4.1971E-06
12070	0.00060306	-0.00027718	6.8772E-06	0.0002532	5.6004E-06	0.000036511
12070	-0.00061073	0.00027685	1.3199E-06	-0.00025528	3.6454E-07	5.7103E-06
12071	0.00057585	-0.00026501	7.5179E-06	0.00024323	5.6485E-06	0.000036684
12071	-0.00058439	0.00026446	2.0162E-06	-0.0002455	5.8692E-07	7.2083E-06
12072	0.00054884	-0.00025297	8.2159E-06	0.00023327	0.000005684	0.000036761
12072	-0.00055823	0.00025218	2.6706E-06	-0.00023574	8.1238E-07	8.6919E-06
12073	0.00052159	-0.00024065	8.9496E-06	0.00022574	5.7697E-06	0.000036765
12073	-0.00053183	0.00023962	3.2728E-06	-0.00022843	0.000001058	0.000010167
12074	0.00049413	-0.00022809	9.7106E-06	0.00022001	0.000005897	0.00003669
12074	-0.00050513	0.00022681	3.7821E-06	-0.00022293	0.000001328	0.000011633
12075	0.0004668	-0.00021565	0.000010493	0.00021358	6.0018E-06	0.00003651
12075	-0.0004785	0.00021411	4.2081E-06	-0.00021671	1.6061E-06	0.000013076
12076	0.00043993	-0.00020365	0.000011275	0.0002044	6.0201E-06	0.000036201
12076	-0.00045233	0.00020191	4.5343E-06	-0.00020774	1.8661E-06	0.000014487
12077	0.0004136	-0.00019213	0.00001208	0.00019258	5.9427E-06	0.000035753
12077	-0.00042669	0.00019021	4.7866E-06	-0.00019609	2.0991E-06	0.000015878
12078	0.00038756	-0.00018082	0.000012924	0.00018019	5.8246E-06	0.000035177
12078	-0.00040128	0.0001787	4.9882E-06	-0.00018382	2.3257E-06	0.000017276
12079	0.00036154	-0.00016945	0.000013783	0.0001687	5.7174E-06	0.00003451
12079	-0.00037584	0.00016714	5.1123E-06	-0.00017246	2.5688E-06	0.000018689
12080	0.00033553	-0.00015804	0.000014641	0.0001578	5.6203E-06	0.000033786
12080	-0.00035042	0.00015557	5.1631E-06	-0.00016172	2.8293E-06	0.000020125
12081	0.00030967	-0.00014672	0.000015506	0.00014665	5.5075E-06	0.000033018
12081	-0.00032512	0.00014412	5.1336E-06	-0.00015072	3.0956E-06	0.000021604
12082	0.00028393	-0.00013549	0.000016375	0.00013526	5.3811E-06	0.000032219
12082	-0.00029997	0.00013278	5.0624E-06	-0.0001395	3.3686E-06	0.000023134
12083	0.00025819	-0.0001242	0.000017236	0.00012448	5.2804E-06	0.00003141
12083	-0.00027487	0.00012144	4.9338E-06	-0.00012896	3.6732E-06	0.000024705
12084	0.00023233	-0.00011273	0.000018035	0.00011476	5.2305E-06	0.000030585
12084	-0.00024957	0.00010994	4.7229E-06	-0.00011951	4.0376E-06	0.000026311
12085	0.00020635	-0.00010111	0.00001875	0.00010561	5.2207E-06	0.000029727
12085	-0.00022391	0.000098265	4.4018E-06	-0.00011061	4.4643E-06	0.000027926
12086	0.00018027	-0.000089383	0.000019319	0.000096187	5.2265E-06	0.000028848
12086	-0.00019802	0.000086564	3.9191E-06	-0.00010146	4.9244E-06	0.000029469
12087	0.00015421	-0.000077688	0.000019709	0.000085487	5.2013E-06	0.00002797
12087	-0.00017213	0.000075049	3.2681E-06	-0.000091063	5.3529E-06	0.000030854
12088	0.00012832	-0.000066174	0.00001999	0.000073116	5.1051E-06	0.000027081
12088	-0.00014642	0.000063834	2.4998E-06	-0.000078982	5.6911E-06	0.000032045
12089	0.00010259	-0.000054822	0.000020197	0.000059478	0.00000494	0.000026204
12089	-0.00012093	0.00005288	1.6599E-06	-0.000065611	5.9105E-06	0.000032996
12090	0.000077026	-0.000043608	0.000020401	0.00004527	4.7257E-06	0.00002535
12090	-0.000095701	0.000042122	7.8989E-07	-0.000051648	6.0149E-06	0.000033691
12091	0.00005161	-0.000032467	0.00002064	0.000031212	4.4987E-06	0.000024485
12091	-0.000070656	0.000031424	-3.6893E-08	-0.000037823	6.0595E-06	0.000034166
12092	0.00002627	-0.000021326	0.000020881	0.000017575	4.2983E-06	0.000023614
12092	-0.000045681	0.000020717	-8.6071E-07	-0.000024448	6.0989E-06	0.000034426
12093	9.744E-07	-0.000010168	0.000021078	4.1234E-06	4.1281E-06	0.00002275
12093	-0.00002073	0.000010021	-0.00000173	-0.000011312	6.1402E-06	0.00003447
12094	-0.000024306	1.0197E-06	0.000021185	-0.000009394	3.9706E-06	0.000021906
12094	4.2406E-06	-6.4537E-07	-0.000002674	1.8626E-06	6.1575E-06	0.000034302
12095	-0.000049589	0.00001224	0.000021205	-0.000023027	3.8151E-06	0.000021096
12095	0.000029246	-0.00001128	-3.7001E-06	0.000015144	6.1305E-06	0.000033921
12096	-0.000074875	0.000023494	0.000021135	-0.000036755	3.6649E-06	0.000020332
12096	0.000054282	-0.000021888	-4.7969E-06	0.00002851	6.0588E-06	0.00003332
12097	-0.00010017	0.000034789	0.00002097	-0.00005058	3.5252E-06	0.000019631
12097	0.00007936	-0.000032474	-5.9642E-06	0.000041962	5.9439E-06	0.00003249
12098	-0.00012551	0.00004616	0.000020713	-0.000064339	3.3902E-06	0.000019006
12098	0.00010451	-0.000043065	-7.2105E-06	0.000055352	5.7705E-06	0.000031426
12099	-0.00015095	0.000057652	0.000020399	-0.000077595	3.2467E-06	0.000018458
12099	0.00012972	-0.000053715	-8.4838E-06	0.000068272	5.5178E-06	0.000030134
12100	-0.00017639	0.000069204	0.000020087	-0.000090206	3.0978E-06	0.000017962
12100	0.00015486	-0.000064405	-9.7305E-06	0.000080573	5.2022E-06	0.000028625
12101	-0.00020169	0.000080681	0.000019785	-0.00010279	2.9666E-06	0.000017498
12101	0.00017989	-0.000075066	-0.000010921	0.000092844	4.8679E-06	0.000026888
12102	-0.00022682	0.00009202	0.000019449	-0.00011617	2.8664E-06	0.000017043
12102	0.00020484	-0.000085618	-0.000012114	0.00010587	4.5398E-06	0.000024922
12103	-0.0002519	0.00010332	0.000018931	-0.00013059	2.7898E-06	0.000016593
12103	0.00022983	-0.000096036	-0.000013441	0.00011984	0.000004204	0.000022738
12104	-0.00027718	0.00011485	0.000018217	-0.00014469	0.000002711	0.000016207
12104	0.00025511	-0.00010656	-0.000014912	0.00013351	3.8057E-06	0.000020319
12105	-0.00030288	0.00012684	0.00001741	-0.00015646	2.5991E-06	0.000015897
12105	0.00028078	-0.00011746	-0.0000164	0.00014502	3.3124E-06	0.000017671
12106	-0.00032879	0.0001391	0.000016696	-0.00016586	2.4574E-06	0.000015606
12106	0.00030651	-0.00012867	-0.000017744	0.00015429	2.7586E-06	0.000014799
12107	-0.00035434	0.00015109	0.000016132	-0.00017556	2.3217E-06	0.000015247
12107	0.00033182	-0.00013974	-0.000018867	0.00016381	2.2002E-06	0.000011686
12108	-0.00037934	0.00016258	0.00001554	-0.00018791	2.2094E-06	0.000014755
12108	0.00035666	-0.00015038	-0.000019947	0.00017583	1.6474E-06	8.3257E-06
12109	-0.0004042	0.00017396	0.000014719	-0.00020183	2.0958E-06	0.00001414
12109	0.00038149	-0.00016083	-0.000021152	0.00018934	0.000001064	4.7134E-06
12110	-0.00042935	0.00018571	0.000013666	-0.00021465	1.9496E-06	0.000013434
12110	0.00040674	-0.00017151	-0.000022485	0.00020182	4.3215E-07	8.5436E-07
12111	-0.00045485	0.00019787	0.000012485	-0.00022538	1.7664E-06	0.000012647
12111	0.0004324	-0.00018257	-0.000023819	0.00021235	-2.3454E-07	-0.000003249
12112	-0.00048038	0.00021013	0.000011262	-0.00023522	1.5617E-06	0.000011764
12112	0.00045815	-0.00019377	-0.00002508	0.00022208	-9.2654E-07	-7.6107E-06
12113	-0.00050561	0.00022218	9.9442E-06	-0.00024643	1.3502E-06	0.000010757
12113	0.00048367	-0.00020476	-0.000026307	0.00023311	-1.6572E-06	-0.000012238
12114	-0.00053052	0.00023396	8.4193E-06	-0.00026002	1.1333E-06	9.6278E-06
12114	0.00050909	-0.00021546	-0.000027621	0.00024643	-2.4481E-06	-0.000017129
12115	-0.00055544	0.00024579	6.5868E-06	-0.00027476	9.0152E-07	8.4076E-06
12115	0.00053477	-0.00022612	-0.000029075	0.00026091	-3.2968E-06	-0.000022271
12116	-0.00058065	0.00025797	4.4411E-06	-0.00028893	6.5124E-07	7.1426E-06
12116	0.00056098	-0.000237	-0.000030701	0.0002749	-4.1785E-06	-0.00002764
12117	-0.00060629	0.00027057	2.0681E-06	-0.00030179	3.8841E-07	5.8729E-06
12117	0.00058778	-0.00024824	-0.000032408	0.00028771	-5.0707E-06	-0.000033219
12118	-0.00063225	0.00028352	-4.7213E-07	-0.00031345	1.1846E-07	4.6084E-06
12118	0.00061507	-0.00025979	-0.000034169	0.0002994	-5.9614E-06	-0.000038983
12119	-0.00065841	0.00029673	-3.1486E-06	-0.00032402	-1.5695E-07	3.3401E-06
12119	0.00064269	-0.00027159	-0.000035925	0.00031011	-0.000006842	-0.000044912
12120	-0.00068477	0.00031017	-5.9101E-06	-0.00033342	-4.3965E-07	2.0461E-06
12120	0.0006706	-0.00028364	-0.000037645	0.00031972	-7.7007E-06	-0.000050989
12121	-0.00071127	0.00032378	-8.7136E-06	-0.00034176	-7.3321E-07	6.9273E-07
12121	0.00069872	-0.0002959	-0.000039296	0.00032834	-8.5317E-06	-0.000057198
12122	-0.00073788	0.00033752	-0.000011519	-0.00034921	-1.0432E-06	-7.6635E-07
12122	0.00072698	-0.00030835	-0.000040846	0.00033611	-9.3314E-06	-0.000063519
12123	-0.00076462	0.00035141	-0.000014311	-0.00035553	-0.000001376	-2.3834E-06
12123	0.00075537	-0.00032099	-0.000042287	0.0003428	-0.000010086	-0.000069933
12124	-0.00079148	0.00036543	-0.00001706	-0.00036043	-1.7376E-06	-4.2194E-06
12124	0.0007839	-0.00033387	-0.000043588	0.00034812	-0.000010778	-0.000076424
12125	-0.00081841	0.0003796	-0.000019753	-0.00036346	-2.1331E-06	-6.3432E-06
12125	0.00081261	-0.00034704	-0.000044727	0.00035169	-0.000011385	-0.000082971
12126	-0.00084536	0.00039388	-0.000022357	-0.00036432	-2.5658E-06	-8.8267E-06
12126	0.00084155	-0.00036053	-0.000045699	0.00035324	-0.000011889	-0.00008956
12127	-0.00087222	0.00040801	-0.000024755	-0.00036502	-3.0434E-06	-0.000011716
12127	0.00087025	-0.00037405	-0.000046357	0.0003546	-0.000012356	-0.00009617
12128	-0.00089884	0.00042175	-0.000027076	-0.00036857	-3.5793E-06	-0.00001501
12128	0.00089821	-0.00038706	-0.000046913	0.00035851	-0.000012902	-0.00010281
12129	-0.00092526	0.00043507	-0.000029303	-0.00037607	-4.2009E-06	-0.000018806
12129	0.00092565	-0.00039962	-0.000047296	0.00036616	-0.000013571	-0.00010939
12130	-0.00095182	0.00044828	-0.00003147	-0.00038551	-4.9201E-06	-0.000023232
12130	0.00095321	-0.00041217	-0.000047544	0.00037569	-0.000014277	-0.00011581
12131	-0.00097915	0.00046208	-0.000033661	-0.00039219	-5.7057E-06	-0.000028362
12131	0.00098145	-0.00042525	-0.000047744	0.00038251	-0.000014816	-0.000122
12132	-0.0010073	0.00047667	-0.000035823	-0.00039294	-6.5217E-06	-0.000034316
12132	0.0010108	-0.0004393	-0.00004784	0.00038363	-0.000015038	-0.00012787
12133	-0.001036	0.0004918	-0.000037833	-0.00038761	-7.3433E-06	-0.000041201
12133	0.0010411	-0.00045432	-0.000047628	0.00037902	-0.000014924	-0.00013332
12134	-0.0010648	0.00050719	-0.00003971	-0.00037805	-8.1462E-06	-0.000048946
12134	0.0010716	-0.00046978	-0.000047186	0.00037027	-0.00001456	-0.00013839
12135	-0.0010935	0.00052229	-0.000041402	-0.00036929	-8.9746E-06	-0.000057457
12135	0.0011015	-0.00048498	-0.000046464	0.00036214	-0.000014174	-0.00014312
12136	-0.0011217	0.00053668	-0.00004286	-0.00036604	-9.9213E-06	-0.000066758
12136	0.0011305	-0.00049956	-0.00004544	0.00035933	-0.000013977	-0.00014743
12137	-0.0011496	0.00055057	-0.000044154	-0.00036758	-0.000011009	-0.000076939
12137	0.0011591	-0.00051377	-0.000044142	0.00036116	-0.000013933	-0.00015125
12138	-0.0011779	0.0005646	-0.000045307	-0.000369	-0.000012155	-0.000088144
12138	0.0011879	-0.00052818	-0.000042615	0.00036283	-0.000013816	-0.00015449
12139	-0.0012071	0.00057926	-0.000046283	-0.00036493	-0.000013214	-0.00010052
12139	0.0012175	-0.00054337	-0.00004081	0.00035909	-0.000013384	-0.00015704
12140	-0.0012372	0.00059453	-0.000047084	-0.00035443	-0.000014106	-0.00011408
12140	0.0012477	-0.00055928	-0.00003875	0.00034897	-0.00001261	-0.00015884
12141	-0.0012675	0.00060986	-0.000047756	-0.00034261	-0.000014929	-0.00012871
12141	0.0012778	-0.0005753	-0.000036462	0.00033748	-0.000011741	-0.00015992
12142	-0.0012976	0.0006248	-0.000048261	-0.00033458	-0.000015845	-0.00014435
12142	0.0013076	-0.00059103	-0.000033937	0.0003297	-0.000010999	-0.0001602
12143	-0.0013277	0.0006395	-0.000048582	-0.00032939	-0.000016843	-0.00016106
12143	0.0013373	-0.00060668	-0.00003114	0.0003247	-0.000010338	-0.00015961
12144	-0.0013583	0.00065447	-0.000048719	-0.00032149	-0.000017698	-0.00017892
12144	0.0013673	-0.00062268	-0.000028087	0.000317	-9.5319E-06	-0.00015804
12145	-0.0013897	0.00066988	-0.000048709	-0.00030815	-0.000018245	-0.0001979
12145	0.0013977	-0.00063918	-0.000024838	0.00030389	-8.5006E-06	-0.00015548
12146	-0.0014213	0.00068536	-0.000048578	-0.00029366	-0.000018631	-0.00021787
12146	0.0014282	-0.0006558	-0.000021452	0.00028961	-7.4389E-06	-0.00015191
12147	-0.0014529	0.00070054	-0.000048292	-0.00028345	-0.000019126	-0.00023868
12147	0.0014586	-0.00067219	-0.000017938	0.00027957	-6.5522E-06	-0.0001473
12148	-0.0014846	0.00071549	-0.00004779	-0.00027781	-0.000019785	-0.00026036
12148	0.0014889	-0.00068844	-0.000014238	0.00027404	-5.8308E-06	-0.00014153
12149	-0.0015167	0.00073045	-0.000046996	-0.00027337	-0.000020448	-0.00028307
12149	0.0015193	-0.00070481	-0.000010334	0.00026968	-5.1459E-06	-0.00013441
12150	-0.0015496	0.0007457	-0.000045883	-0.00026579	-0.000020838	-0.00030697
12150	0.0015502	-0.00072157	-6.2517E-06	0.00026221	-4.3719E-06	-0.00012572
12151	-0.0015832	0.00076133	-0.000044466	-0.00025237	-0.000020726	-0.00033215
12151	0.0015816	-0.00073876	-2.0763E-06	0.00024895	-3.4755E-06	-0.00011532
12152	-0.0016175	0.00077723	-0.000042809	-0.00023335	-0.000020048	-0.00035855
12152	0.0016133	-0.00075619	2.1067E-06	0.00023015	-2.5318E-06	-0.00010313
12153	-0.001652	0.00079316	-0.000040904	-0.00021121	-0.000018914	-0.00038597
12153	0.0016451	-0.00077366	6.2219E-06	0.00020827	-1.6629E-06	-0.000089168
12154	-0.0016867	0.00080897	-0.000038695	-0.00018791	-0.000017429	-0.00041412
12154	0.0016769	-0.00079098	0.00001022	0.00018527	-9.5734E-07	-0.000073477
12155	-0.0017217	0.00082465	-0.000036121	-0.00016362	-0.000015582	-0.00044271
12155	0.0017084	-0.0008081	0.000014056	0.0001613	-4.5683E-07	-0.000056164
12156	-0.0017568	0.00084013	-0.000033093	-0.00013974	-0.000013481	-0.00047143
12156	0.0017398	-0.00082492	0.000017679	0.00013777	-2.0539E-07	-0.000037331
12157	-0.0017921	0.00085535	-0.000029479	-0.00011738	-0.000011237	-0.00050001
12157	0.0017709	-0.00084142	0.00002107	0.00011577	-2.2122E-07	-0.000017012
12158	-0.0018278	0.00087032	-0.000025137	-0.000094681	-8.6914E-06	-0.00052827
12158	0.0018018	-0.00085766	0.000024162	0.0000935	-5.0349E-07	4.8378E-06
12159	-0.0018638	0.00088503	-0.000019965	-0.000066457	-5.3245E-06	-0.00055596
12159	0.0018325	-0.00087357	0.000026846	0.000065845	-0.0000011	0.000028219
12160	-0.0019	0.00089934	-0.000013883	-0.00002803	-6.1726E-07	-0.0005826
12160	0.0018627	-0.0008889	0.000028886	0.000028245	-2.1368E-06	0.000052864
12161	-0.0019359	0.00091297	-6.9247E-06	0.000017872	5.1883E-06	-0.00060727
12161	0.0018921	-0.00090324	0.000029963	-0.000016559	-3.7063E-06	0.000078077
12162	-0.0019712	0.00092557	1.1809E-06	0.000064235	0.000011314	-0.00062894
12162	0.0019205	-0.00091639	0.000029914	-0.000061637	-5.7567E-06	0.00010301
12163	-0.0020058	0.00093707	0.000010655	0.00010765	0.00001728	-0.0006464
12163	0.0019479	-0.00092832	0.000028561	-0.00010364	-0.000008168	0.00012667
12164	-0.00204	0.00094745	0.000021822	0.00014846	0.000022973	-0.00065839
12164	0.0019744	-0.00093898	0.000025705	-0.00014291	-0.000010832	0.00014803
12165	-0.0020736	0.00095646	0.000034944	0.00019085	0.000028679	-0.00066352
12165	0.0019996	-0.00094805	0.00002104	-0.00018351	-0.000013725	0.00016598
12166	-0.0021062	0.00096371	0.000050315	0.0002362	0.00003433	-0.00066007
12166	0.0020232	-0.00095516	0.000014244	-0.00022677	-0.000016733	0.00017909
12167	-0.0021371	0.00096883	0.00006824	0.00028159	0.000039315	-0.00064597
12167	0.0020447	-0.00096	0.000004958	-0.00026984	-0.000019555	0.00018549
12168	-0.0021655	0.00097141	0.000088861	0.00032611	0.000043178	-0.00061863
12168	0.0020635	-0.00096209	-7.1653E-06	-0.00031181	-0.000021855	0.00018287
12169	-0.0021903	0.00097087	0.00011214	0.00036971	0.000045476	-0.000575
12169	0.0020784	-0.00096079	-0.000022392	-0.00035267	-0.000023233	0.00016841
12170	-0.0022089	0.0009662	0.00013769	0.00041335	0.000045752	-0.00051156
12170	0.0020875	-0.00095511	-0.000040705	-0.00039333	-0.000023204	0.00013878
12171	-0.0022177	0.00095614	0.00016455	0.00045713	0.000043349	-0.00042466
12171	0.0020874	-0.00094385	-0.000061441	-0.00043394	-0.000021127	0.00009025
12172	-0.0022117	0.00093928	0.00019072	0.0004993	0.000037418	-0.00031141
12172	0.0020736	-0.00092567	-0.000082882	-0.00047283	-0.000016232	0.000019448
12173	-0.0021846	0.00091425	0.00021303	0.00053618	0.00002719	-0.00017126
12173	0.0020403	-0.00089934	-0.00010201	-0.00050649	-7.8328E-06	-0.000075129
12174	-0.0021293	0.0008801	0.00022702	0.0005628	0.000012445	-8.1933E-06
12174	0.0019809	-0.00086403	-0.00011465	-0.00053025	4.2781E-06	-0.00019089
12175	-0.0020397	0.00083624	0.00022785	0.00057702	-6.1062E-06	0.00016763
12175	0.0018898	-0.00081913	-0.00011644	-0.00054209	0.000019576	-0.00031935
12176	-0.0019122	0.00078252	0.00021241	0.0005778	-0.000026865	0.00033987
12176	0.0017634	-0.00076467	-0.00010392	-0.000541	0.000036689	-0.00044595
12177	-0.001748	0.00071974	0.00018061	0.00056295	-0.000047382	0.00048867
12177	0.0016028	-0.00070153	-0.000076623	-0.00052492	0.000053354	-0.00055249
12178	-0.0015541	0.00064962	0.00013622	0.00053062	-0.000064546	0.00059552
12178	0.0014147	-0.00063137	-0.000038235	-0.00049216	0.000066693	-0.00062194
12179	-0.0013423	0.00057463	0.000085892	0.0004819	-0.000075563	0.0006485
12179	0.0012105	-0.00055626	4.1186E-06	-0.00044386	0.000074209	-0.00064367
12180	-0.0011257	0.00049693	0.00003792	0.00042164	-0.00007912	0.00064571
12180	0.001003	-0.0004781	0.000042073	-0.00038471	0.000074865	-0.00061656
12181	-0.00091625	0.00041853	-5.6938E-07	0.00035526	-0.000075569	0.0005953
12181	0.00080331	-0.00039882	0.00006895	-0.00031989	0.000069174	-0.00054895
12182	-0.00072176	0.00034097	-0.000025363	0.00028762	-0.000066685	0.00051226
12182	0.00061859	-0.00031998	0.000081349	-0.00025399	0.00005892	-0.00045523
12183	-0.00054516	0.00026517	-0.000035902	0.00022172	-0.000054819	0.00041379
12183	0.00045115	-0.00024261	0.000079484	-0.00018982	0.000046337	-0.00035127
12184	-0.00038469	0.00019139	-0.0000346	0.00015828	-0.000042106	0.00031486
12184	0.00029886	-0.00016709	0.00006643	-0.00012802	0.000033378	-0.00025034
12185	-0.00023492	0.00011898	-0.000025602	0.000096935	-0.000030216	0.00022579
12185	0.00015608	-0.00009292	0.000046824	-0.000068235	0.000021478	-0.00016076
12186	-0.000088109	0.000046662	-0.000013943	0.000036656	-0.000020079	0.00015125
12186	0.000015147	-0.000018905	0.000025802	-9.4214E-06	0.000011309	-0.000085184
12187	0.000037387	-0.000014813	-4.8658E-06	-0.000013722	-0.000011847	0.000090525
12187	-0.00010246	0.000042894	8.3539E-06	0.000038507	2.9864E-06	-0.000022707
12188	0.000069082	-0.000030654	-1.9383E-06	-0.000026243	-5.4854E-06	0.0000424
12188	-0.00010751	0.000049845	-1.5729E-06	0.000041414	-2.1487E-06	0.000016647
12189	0.000017339	-6.9464E-06	-2.0979E-06	-6.3447E-06	-0.000002371	0.000018362
12189	-0.000024543	0.000012387	-2.5156E-06	9.6558E-06	-2.7871E-06	0.000021577
12190	-4.6444E-06	3.0101E-06	-1.9081E-06	2.0166E-06	-1.5722E-06	0.000012113
12190	0.000011197	-4.2415E-06	-1.8737E-06	-4.0746E-06	-1.5465E-06	0.000011916
12191	5.6341E-06	-1.9377E-06	-1.3661E-06	-1.9871E-06	-9.0851E-07	7.0202E-06
12191	4.8374E-06	-1.5893E-06	-1.3323E-06	-1.6893E-06	-8.6679E-07	6.6973E-06
12192	5.5404E-06	-2.1078E-06	-9.132E-07	-1.9778E-06	-4.8417E-07	3.8008E-06
12192	4.8065E-06	-1.7712E-06	-9.1625E-07	-1.6961E-06	-4.8135E-07	3.7792E-06
12193	4.2587E-06	-1.6662E-06	-6.0707E-07	-1.5053E-06	-2.5757E-07	2.0575E-06
12193	4.5229E-06	-1.7901E-06	-6.0052E-07	-1.6044E-06	-2.5339E-07	0.000002024
12194	3.4718E-06	-1.4022E-06	-4.0046E-07	-1.2412E-06	-1.3533E-07	1.0816E-06
12194	0.00000344	-1.3902E-06	-3.948E-07	-0.00000123	-1.3232E-07	1.0576E-06
12195	2.6028E-06	-1.0699E-06	-2.5719E-07	-9.5518E-07	-6.9547E-08	5.4502E-07
12195	2.5834E-06	-1.0622E-06	-2.547E-07	-9.483E-07	-6.8334E-08	5.3553E-07
12196	1.8701E-06	-7.7675E-07	-1.6611E-07	-6.9864E-07	-3.3983E-08	2.6186E-07
12196	1.8825E-06	-7.8339E-07	-0.000000164	-7.0366E-07	-3.3267E-08	2.5634E-07
12197	0.000001307	-5.4766E-07	-1.0681E-07	-4.8227E-07	-1.4904E-08	1.1609E-07
12197	0.000001305	-5.473E-07	-1.0567E-07	-4.8174E-07	-1.4529E-08	1.1316E-07
12198	8.6252E-07	-3.6282E-07	-6.8822E-08	-3.0914E-07	-5.687E-09	4.5654E-08
12198	8.4732E-07	-3.5617E-07	-6.8148E-08	-3.0365E-07	-5.5496E-09	4.455E-08
12199	4.9427E-07	-2.0594E-07	-4.3946E-08	-1.7466E-07	-2.1988E-09	1.7899E-08
12199	4.8441E-07	-2.0157E-07	-4.3637E-08	-1.7112E-07	-2.1187E-09	1.725E-08
12200	1.9263E-07	-7.338E-08	-3.1754E-08	-6.7315E-08	-1.7715E-09	1.3992E-08
12200	1.9481E-07	-7.4534E-08	-3.1415E-08	-6.8198E-08	-1.6675E-09	1.3166E-08
12201	4.4605E-08	-8.1588E-09	-2.6226E-08	-1.3914E-08	-1.954E-09	1.5002E-08
12201	4.635E-08	-8.969E-09	-2.62E-08	-1.457E-08	-1.9458E-09	1.4936E-08
12202	2.605E-08	-6.297E-10	-2.4181E-08	-7.1423E-09	-1.7078E-09	1.2988E-08
12202	2.4488E-08	1.7002E-10	-2.4367E-08	-6.509E-09	-1.754E-09	1.3339E-08
12203	2.0399E-08	1.3907E-09	-2.2995E-08	-4.9938E-09	-1.4082E-09	1.0921E-08
12203	2.0143E-08	1.6108E-09	-2.3217E-08	-4.8664E-09	-1.4647E-09	1.1359E-08
12204	1.6077E-08	3.3747E-09	-2.3029E-08	-3.2393E-09	-1.1508E-09	9.1843E-09
12204	1.627E-08	3.3896E-09	-2.3251E-08	-3.2846E-09	-1.2009E-09	9.5847E-09
12205	1.3178E-08	5.4103E-09	-2.4555E-08	-1.9546E-09	-9.2671E-10	7.4777E-09
12205	1.331E-08	5.4695E-09	-2.4811E-08	-1.9727E-09	-9.7068E-10	7.8324E-09
12206	1.1652E-08	7.6666E-09	-2.7894E-08	-1.0158E-09	-6.9513E-10	5.5232E-09
12206	1.1689E-08	7.8001E-09	-2.8217E-08	-9.9109E-10	-7.3808E-10	5.8635E-09
12207	1.1752E-08	1.0263E-08	-3.3562E-08	-3.9091E-10	-3.9296E-10	3.0381E-09
12207	1.1817E-08	1.0423E-08	-3.3971E-08	-3.6579E-10	-4.341E-10	3.3539E-09
